      Source     Mooring     Index   Year   Yday MinDay MaxDay  Month     Lat     Lon  MinLat  MaxLat  MinLon  MaxLon  Ndays    Nsamps  Avg_temp  Min_temp  Max_temp   SD_temp Avg_depth Min_depth Max_depth  SD_depth Avg_draft Min_draft Max_draft  SD_draft
        BGEP  BGEP_2003A   2000000   2003  234.9  226.0  243.0      8   75.01 -149.98   75.01   75.01 -149.98 -149.98     18    742199     -1.24     -1.30     -1.20      0.03     86.01     85.79     86.19      0.13      0.59      0.00     11.58      1.01
        BGEP  BGEP_2003A   2000001   2003  258.3  244.0  273.0      9   75.01 -149.98   75.01   75.01 -149.98 -149.98     30   1296000     -1.21     -1.23     -1.20      0.01     85.73     85.50     86.03      0.17      0.18      0.00      7.65      0.25
        BGEP  BGEP_2003A   2000002   2003  289.3  274.0  304.0     10   75.01 -149.98   75.01   75.01 -149.98 -149.98     31   1339200     -1.23     -1.29     -1.19      0.03     85.52     85.36     85.73      0.09      0.31      0.00      8.83      0.38
        BGEP  BGEP_2003A   2000003   2003  320.1  305.0  334.0     11   75.01 -149.98   75.01   75.01 -149.98 -149.98     30   1296000     -1.21     -1.28     -1.19      0.02     85.48     85.27     85.63      0.10      0.68      0.00     10.73      0.70
        BGEP  BGEP_2003A   2000004   2003  349.9  335.0  365.0     12   75.01 -149.98   75.01   75.01 -149.98 -149.98     31   1339200     -1.26     -1.34     -1.20      0.04     85.32     85.15     85.51      0.09      1.08      0.00     16.00      0.97
        BGEP  BGEP_2003A   2000005   2004   15.5    1.0   31.0      1   75.01 -149.98   75.01   75.01 -149.98 -149.98     31   1339200     -1.17     -1.20     -1.12      0.02     85.06     84.92     85.31      0.12      1.27      0.00     17.25      1.00
        BGEP  BGEP_2003A   2000006   2004   45.7   32.0   60.0      2   75.01 -149.98   75.01   75.01 -149.98 -149.98     29   1252800     -1.22     -1.39     -1.14      0.05     85.08     84.91     85.22      0.10      1.57      0.01     21.04      1.11
        BGEP  BGEP_2003A   2000007   2004   76.6   61.0   91.0      3   75.01 -149.98   75.01   75.01 -149.98 -149.98     31   1339200     -1.26     -1.38     -1.13      0.06     85.07     84.84     85.24      0.11      1.69      0.00     14.20      1.09
        BGEP  BGEP_2003A   2000008   2004  106.3   92.0  121.0      4   75.01 -149.98   75.01   75.01 -149.98 -149.98     30   1296000     -1.22     -1.30     -1.11      0.04     84.96     84.79     85.14      0.08      1.98      0.00     18.96      1.25
        BGEP  BGEP_2003A   2000009   2004  136.1  122.0  152.0      5   75.01 -149.98   75.01   75.01 -149.98 -149.98     31   1339200     -1.24     -1.29     -1.14      0.04     84.98     84.83     85.10      0.08      2.14      0.00     19.10      1.54
        BGEP  BGEP_2003A   2000010   2004  167.3  153.0  182.0      6   75.01 -149.98   75.01   75.01 -149.98 -149.98     30   1296000     -1.22     -1.30     -1.19      0.03     85.08     84.97     85.46      0.11      1.93      0.00     16.40      1.28
        BGEP  BGEP_2003A   2000011   2004  198.9  183.0  213.0      7   75.01 -149.98   75.01   75.01 -149.98 -149.98     31   1339200     -1.19     -1.29     -0.88      0.08     85.12     84.98     85.24      0.05      1.49      0.00     16.47      1.01
        BGEP  BGEP_2003A   2000012   2004  218.4  214.0  223.0      8   75.01 -149.98   75.01   75.01 -149.98 -149.98     10    414720     -1.11     -1.12     -1.10      0.01     85.04     84.96     85.14      0.07      1.25      0.00     20.73      1.23
        BGEP  BGEP_2003B   2010001   2003  258.3  244.0  273.0      9   78.02 -149.82   78.02   78.02 -149.82 -149.82     30   1296000     -0.82     -1.08     -0.27      0.18     53.15     52.93     53.41      0.15      0.81      0.00     15.88      0.88
        BGEP  BGEP_2003B   2010002   2003  289.3  274.0  304.0     10   78.02 -149.82   78.02   78.02 -149.82 -149.82     31   1339200     -0.96     -1.18     -0.57      0.14     54.43     52.83     59.54      2.12      0.91      0.00     12.86      0.86
        BGEP  BGEP_2003B   2010003   2003  320.1  305.0  334.0     11   78.02 -149.82   78.02   78.02 -149.82 -149.82     30   1296000     -0.94     -1.09     -0.81      0.08     52.91     52.74     53.14      0.10      1.03      0.00     14.42      0.90
        BGEP  BGEP_2003B   2010004   2003  349.9  335.0  365.0     12   78.02 -149.82   78.02   78.02 -149.82 -149.82     31   1339200     -1.00     -1.45     -0.68      0.24     52.68     52.48     52.87      0.09      1.23      0.00     22.78      1.08
        BGEP  BGEP_2003B   2010005   2004   15.5    1.0   31.0      1   78.02 -149.82   78.02   78.02 -149.82 -149.82     31   1339200     -0.93     -1.65     -0.65      0.30     54.02     52.36     63.29      2.95      1.49      0.00     17.96      1.28
        BGEP  BGEP_2003B   2010006   2004   45.7   32.0   60.0      2   78.02 -149.82   78.02   78.02 -149.82 -149.82     29   1252800     -0.77     -0.93     -0.43      0.13     52.46     52.28     52.61      0.10      1.77      0.00     16.01      1.21
        BGEP  BGEP_2003B   2010007   2004   76.6   61.0   91.0      3   78.02 -149.82   78.02   78.02 -149.82 -149.82     31   1339200     -0.95     -1.04     -0.88      0.03     52.44     52.23     52.62      0.12      2.25      0.01     14.75      1.36
        BGEP  BGEP_2003B   2010008   2004  106.3   92.0  121.0      4   78.02 -149.82   78.02   78.02 -149.82 -149.82     30   1296000     -0.96     -1.15     -0.68      0.11     52.30     52.13     52.46      0.08      2.34      0.00     18.03      1.56
        BGEP  BGEP_2003B   2010009   2004  136.1  122.0  152.0      5   78.02 -149.82   78.02   78.02 -149.82 -149.82     31   1339200     -1.04     -1.18     -0.94      0.07     52.33     52.16     52.74      0.14      2.72      0.00     21.58      1.94
        BGEP  BGEP_2003B   2010010   2004  167.3  153.0  182.0      6   78.02 -149.82   78.02   78.02 -149.82 -149.82     30   1296000     -1.06     -1.24     -0.87      0.10     52.38     52.29     52.47      0.04      2.49      0.00     20.98      1.58
        BGEP  BGEP_2003B   2010011   2004  198.9  183.0  213.0      7   78.02 -149.82   78.02   78.02 -149.82 -149.82     31   1339200     -1.09     -1.22     -0.97      0.06     53.19     52.30     55.01      0.95      1.96      0.00     18.90      1.39
        BGEP  BGEP_2003B   2010012   2004  221.2  214.0  228.0      8   78.02 -149.82   78.02   78.02 -149.82 -149.82     15    627740     -1.34     -1.54     -1.22      0.10     52.38     52.26     52.51      0.08      1.75      0.00     21.26      1.17
        BGEP  BGEP_2003C   2020001   2003  258.3  244.0  273.0      9   76.99 -139.91   76.99   76.99 -139.91 -139.91     30   1296000     -1.28     -1.36     -1.20      0.03     77.44     77.23     77.65      0.13      0.62      0.00     13.97      0.79
        BGEP  BGEP_2003C   2020002   2003  289.3  274.0  304.0     10   76.99 -139.91   76.99   76.99 -139.91 -139.91     31   1339200     -1.22     -1.28     -1.20      0.03     77.21     77.07     77.43      0.09      0.74      0.00     10.02      0.75
        BGEP  BGEP_2003C   2020003   2003  320.1  305.0  334.0     11   76.99 -139.91   76.99   76.99 -139.91 -139.91     30   1296000     -1.26     -1.30     -1.20      0.04     77.17     76.96     77.36      0.11      0.94      0.00     12.60      0.86
        BGEP  BGEP_2003C   2020004   2003  349.9  335.0  365.0     12   76.99 -139.91   76.99   76.99 -139.91 -139.91     31   1339200     -1.23     -1.30     -1.20      0.03     76.99     76.77     77.20      0.10      1.25      0.01     13.56      1.02
        BGEP  BGEP_2003C   2020005   2004   15.5    1.0   31.0      1   76.99 -139.91   76.99   76.99 -139.91 -139.91     31   1339200     -1.20     -1.22     -1.20      0.00     76.74     76.58     77.09      0.13      1.67      0.02     17.93      1.24
        BGEP  BGEP_2003C   2020006   2004   45.7   32.0   60.0      2   76.99 -139.91   76.99   76.99 -139.91 -139.91     29   1252800     -1.19     -1.21     -1.17      0.01     76.77     76.61     76.90      0.09      1.99      0.02     19.59      1.42
        BGEP  BGEP_2003C   2020007   2004   76.6   61.0   91.0      3   76.99 -139.91   76.99   76.99 -139.91 -139.91     31   1339200     -1.20     -1.20     -1.19      0.00     76.75     76.53     76.95      0.12      2.69      0.00     20.23      1.88
        BGEP  BGEP_2003C   2020008   2004  106.3   92.0  121.0      4   76.99 -139.91   76.99   76.99 -139.91 -139.91     30   1296000     -1.19     -1.20     -1.16      0.01     76.58     76.42     76.70      0.08      2.57      0.02     19.61      1.79
        BGEP  BGEP_2003C   2020009   2004  136.1  122.0  152.0      5   76.99 -139.91   76.99   76.99 -139.91 -139.91     31   1339200     -1.17     -1.20     -1.10      0.04     76.61     76.46     76.74      0.08      2.69      0.00     18.86      1.82
        BGEP  BGEP_2003C   2020010   2004  167.3  153.0  182.0      6   76.99 -139.91   76.99   76.99 -139.91 -139.91     30   1296000     -1.11     -1.16     -1.10      0.02     76.66     76.59     76.74      0.03      2.68      0.00     21.74      1.84
        BGEP  BGEP_2003C   2020011   2004  198.9  183.0  213.0      7   76.99 -139.91   76.99   76.99 -139.91 -139.91     31   1339200     -1.10     -1.14     -1.10      0.01     76.69     76.58     76.80      0.05      2.16      0.00     17.82      1.45
        BGEP  BGEP_2003C   2020012   2004  223.7  214.0  233.0      8   76.99 -139.91   76.99   76.99 -139.91 -139.91     20    854440     -1.11     -1.15     -1.10      0.02     76.63     76.52     76.74      0.07      1.98      0.00     21.88      1.49
        BGEP  BGEP_2004A   2030000   2004  234.9  225.0  244.0      8   75.00 -149.97   75.00   75.00 -149.97 -149.97     20    826279     -0.07     -0.66      0.34      0.30     54.43     54.30     54.68      0.12      0.53      0.00     16.99      0.88
        BGEP  BGEP_2004A   2030001   2004  259.1  245.0  274.0      9   75.00 -149.97   75.00   75.00 -149.97 -149.97     30   1296000     -0.25     -0.90      0.06      0.21     54.25     54.07     54.46      0.11      0.28      0.00     10.86      0.53
        BGEP  BGEP_2004A   2030002   2004  290.1  275.0  305.0     10   75.00 -149.97   75.00   75.00 -149.97 -149.97     31   1339200     -0.70     -1.00     -0.20      0.20     54.16     54.02     54.34      0.08      0.65      0.00     12.68      0.76
        BGEP  BGEP_2004A   2030003   2004  321.0  306.0  335.0     11   75.00 -149.97   75.00   75.00 -149.97 -149.97     30   1296000     -0.61     -1.20      0.13      0.40     54.26     53.84     55.76      0.42      0.88      0.00     13.43      0.82
        BGEP  BGEP_2004A   2030004   2004  351.4  336.0  366.0     12   75.00 -149.97   75.00   75.00 -149.97 -149.97     31   1339200     -0.40     -1.19      0.15      0.27     53.83     53.57     54.01      0.13      1.07      0.00     15.23      0.93
        BGEP  BGEP_2004A   2030005   2005   15.8    1.0   31.0      1   75.00 -149.97   75.00   75.00 -149.97 -149.97     31   1339200     -0.12     -0.89      0.32      0.29     53.71     53.49     53.95      0.11      1.40      0.00     17.57      1.12
        BGEP  BGEP_2004A   2030006   2005   45.0   32.0   59.0      2   75.00 -149.97   75.00   75.00 -149.97 -149.97     28   1209600      0.04     -0.31      0.33      0.16     53.59     53.38     53.89      0.10      1.54      0.00     25.71      1.12
        BGEP  BGEP_2004A   2030007   2005   75.6   60.0   90.0      3   75.00 -149.97   75.00   75.00 -149.97 -149.97     31   1339200      0.21      0.05      0.43      0.11     53.46     53.29     53.68      0.12      1.86      0.00     16.23      1.26
        BGEP  BGEP_2004A   2030008   2005  105.3   91.0  120.0      4   75.00 -149.97   75.00   75.00 -149.97 -149.97     30   1296000      0.11     -0.30      0.37      0.16     53.48     53.32     53.65      0.09      2.16      0.00     26.18      1.57
        BGEP  BGEP_2004A   2030009   2005  135.1  121.0  151.0      5   75.00 -149.97   75.00   75.00 -149.97 -149.97     31   1339200      0.36      0.12      0.69      0.13     53.46     53.33     53.57      0.06      2.23      0.00     24.09      1.46
        BGEP  BGEP_2004A   2030010   2005  166.3  152.0  181.0      6   75.00 -149.97   75.00   75.00 -149.97 -149.97     30   1296000      0.28     -0.18      0.70      0.21     53.49     53.38     53.60      0.06      2.16      0.00     20.02      1.37
        BGEP  BGEP_2004A   2030011   2005  197.9  182.0  212.0      7   75.00 -149.97   75.00   75.00 -149.97 -149.97     31   1339200      0.22      0.06      0.40      0.07     53.53     53.36     53.76      0.13      1.76      0.00     12.71      1.09
        BGEP  BGEP_2004B   2040000   2004  237.3  230.0  244.0      8   78.02 -149.87   78.02   78.02 -149.87 -149.87     15    613819     -1.10     -1.32     -0.83      0.12     57.89     57.78     58.05      0.08      1.36      0.00     21.91      0.87
        BGEP  BGEP_2004B   2040001   2004  259.1  245.0  274.0      9   78.02 -149.87   78.02   78.02 -149.87 -149.87     30   1296000     -1.15     -1.21     -1.04      0.04     57.74     57.61     58.01      0.11      1.34      0.00     13.93      0.94
        BGEP  BGEP_2004B   2040002   2004  290.1  275.0  305.0     10   78.02 -149.87   78.02   78.02 -149.87 -149.87     31   1339200     -1.13     -1.45     -0.80      0.20     57.70     57.54     57.87      0.09      1.41      0.00     12.58      1.04
        BGEP  BGEP_2004B   2040003   2004  321.0  306.0  335.0     11   78.02 -149.87   78.02   78.02 -149.87 -149.87     30   1296000     -0.93     -1.23     -0.76      0.13     57.87     57.39     60.14      0.71      1.48      0.00     11.90      1.09
        BGEP  BGEP_2004B   2040004   2004  351.4  336.0  366.0     12   78.02 -149.87   78.02   78.02 -149.87 -149.87     31   1339200     -0.86     -1.00     -0.75      0.05     57.46     57.19     57.59      0.10      1.70      0.00     14.05      1.31
        BGEP  BGEP_2004B   2040005   2005   15.8    1.0   31.0      1   78.02 -149.87   78.02   78.02 -149.87 -149.87     31   1339200     -1.01     -1.21     -0.71      0.14     62.86     57.28     84.88      7.52      2.09      0.00     18.96      1.52
        BGEP  BGEP_2004B   2040006   2005   45.0   32.0   59.0      2   78.02 -149.87   78.02   78.02 -149.87 -149.87     28   1209600     -0.98     -1.27     -0.81      0.11     59.39     57.03     69.85      4.08      2.36      0.03     17.07      1.84
        BGEP  BGEP_2004B   2040007   2005   75.6   60.0   90.0      3   78.02 -149.87   78.02   78.02 -149.87 -149.87     31   1339200     -1.06     -1.32     -0.81      0.15     57.10     56.92     57.30      0.12      2.37      0.00     21.88      1.64
        BGEP  BGEP_2004B   2040008   2005  105.3   91.0  120.0      4   78.02 -149.87   78.02   78.02 -149.87 -149.87     30   1296000     -1.21     -1.31     -1.10      0.05     57.13     56.99     57.38      0.10      2.41      0.00     21.68      1.55
        BGEP  BGEP_2004B   2040009   2005  135.1  121.0  151.0      5   78.02 -149.87   78.02   78.02 -149.87 -149.87     31   1339200     -1.19     -1.37     -1.15      0.04     57.04     56.91     57.13      0.05      2.53      0.00     26.12      1.52
        BGEP  BGEP_2004B   2040010   2005  166.3  152.0  181.0      6   78.02 -149.87   78.02   78.02 -149.87 -149.87     30   1296000     -1.22     -1.41     -1.02      0.11     57.18     57.04     57.58      0.11      2.62      0.00     18.13      1.68
        BGEP  BGEP_2004B   2040011   2005  197.9  182.0  212.0      7   78.02 -149.87   78.02   78.02 -149.87 -149.87     31   1339200     -1.09     -1.45     -0.67      0.22     57.18     56.98     57.37      0.12      2.53      0.00     17.96      1.81
        BGEP  BGEP_2004B   2040012   2005  219.8  213.0  226.0      8   78.02 -149.87   78.02   78.02 -149.87 -149.87     14    587640     -1.21     -1.31     -0.91      0.11     57.17     57.08     57.29      0.06      1.86      0.00     16.42      1.14
        BGEP  BGEP_2004C   2050000   2004  239.9  235.0  244.0      8   76.99 -139.97   76.99   76.99 -139.97 -139.97     10    395039     -0.88     -1.00     -0.57      0.12     57.16     57.12     57.26      0.04      1.61      0.00     16.02      1.07
        BGEP  BGEP_2004C   2050001   2004  259.1  245.0  274.0      9   76.99 -139.97   76.99   76.99 -139.97 -139.97     30   1296000     -0.93     -1.03     -0.80      0.07     56.99     56.86     57.26      0.11      1.43      0.00     16.10      1.01
        BGEP  BGEP_2004C   2050002   2004  290.1  275.0  305.0     10   76.99 -139.97   76.99   76.99 -139.97 -139.97     31   1339200     -1.05     -1.41     -0.95      0.10     56.81     56.68     56.94      0.08      1.56      0.00     19.03      1.10
        BGEP  BGEP_2004C   2050003   2004  321.0  306.0  335.0     11   76.99 -139.97   76.99   76.99 -139.97 -139.97     30   1296000     -1.13     -1.31     -1.00      0.08     56.67     56.47     56.78      0.08      1.57      0.00     16.76      1.31
        BGEP  BGEP_2004C   2050004   2004  351.4  336.0  366.0     12   76.99 -139.97   76.99   76.99 -139.97 -139.97     31   1339200     -1.51     -1.60     -1.11      0.13     56.52     56.26     56.71      0.14      2.08      0.02     13.51      1.36
        BGEP  BGEP_2004C   2050005   2005   15.8    1.0   31.0      1   76.99 -139.97   76.99   76.99 -139.97 -139.97     31   1339200     -1.59     -1.60     -1.53      0.02     56.43     56.26     56.69      0.11      2.61      0.03     28.63      1.99
        BGEP  BGEP_2004C   2050006   2005   45.0   32.0   59.0      2   76.99 -139.97   76.99   76.99 -139.97 -139.97     28   1209600     -1.52     -1.60     -1.41      0.05     56.31     56.14     56.49      0.09      2.81      0.04     17.21      1.41
        BGEP  BGEP_2004C   2050007   2005   75.6   60.0   90.0      3   76.99 -139.97   76.99   76.99 -139.97 -139.97     31   1339200     -1.46     -1.62     -1.09      0.18     56.20     56.03     56.41      0.12      2.72      0.12     26.79      1.57
        BGEP  BGEP_2004C   2050008   2005  105.3   91.0  120.0      4   76.99 -139.97   76.99   76.99 -139.97 -139.97     30   1296000     -1.48     -1.51     -1.40      0.03     56.21     56.05     56.41      0.09      3.05      0.03     24.05      2.03
        BGEP  BGEP_2004C   2050009   2005  135.1  121.0  151.0      5   76.99 -139.97   76.99   76.99 -139.97 -139.97     31   1339200     -1.60     -1.74     -1.48      0.09     56.19     56.06     56.29      0.05      2.90      0.02     20.03      1.76
        BGEP  BGEP_2004C   2050010   2005  166.3  152.0  181.0      6   76.99 -139.97   76.99   76.99 -139.97 -139.97     30   1296000     -1.51     -1.65     -1.33      0.06     56.25     56.14     56.37      0.06      3.09      0.00     28.27      1.89
        BGEP  BGEP_2004C   2050011   2005  197.9  182.0  212.0      7   76.99 -139.97   76.99   76.99 -139.97 -139.97     31   1339200     -1.36     -1.47     -1.25      0.05     56.28     56.09     56.48      0.12      2.89      0.00     19.89      1.73
        BGEP  BGEP_2004C   2050012   2005  225.0  213.0  237.0      8   76.99 -139.97   76.99   76.99 -139.97 -139.97     25   1079500     -1.37     -1.56     -1.28      0.07     56.23     56.13     56.32      0.05      2.67      0.00     21.97      1.79
        BGEP  BGEP_2005A   2060000   2005  233.9  224.0  243.0      8   75.01 -149.89   75.01   75.01 -149.89 -149.89     20    821160     -1.42     -1.78     -0.70      0.24     46.28     46.17     46.37      0.05      1.08      0.00      9.33      0.72
        BGEP  BGEP_2005A   2060001   2005  258.3  244.0  273.0      9   75.01 -149.89   75.01   75.01 -149.89 -149.89     30   1296000     -1.35     -1.54     -0.95      0.17     46.24     45.96     48.61      0.51      0.76      0.00      8.14      0.73
        BGEP  BGEP_2005A   2060002   2005  289.3  274.0  304.0     10   75.01 -149.89   75.01   75.01 -149.89 -149.89     31   1339200     -1.20     -1.42     -0.66      0.23     47.89     45.79     52.84      2.34      0.98      0.00     11.58      0.93
        BGEP  BGEP_2005A   2060003   2005  320.1  305.0  334.0     11   75.01 -149.89   75.01   75.01 -149.89 -149.89     30   1296000     -1.35     -1.57     -1.27      0.08     45.78     45.55     45.98      0.11      1.11      0.00     11.25      0.93
        BGEP  BGEP_2005A   2060004   2005  349.9  335.0  365.0     12   75.01 -149.89   75.01   75.01 -149.89 -149.89     31   1339200     -0.96     -1.33     -0.33      0.29     45.62     45.48     45.80      0.09      1.15      0.00     12.61      0.85
        BGEP  BGEP_2005A   2060005   2006   15.5    1.0   31.0      1   75.01 -149.89   75.01   75.01 -149.89 -149.89     31   1339200     -0.52     -1.28      1.08      0.55     45.80     45.55     46.38      0.22      1.39      0.00     14.68      0.97
        BGEP  BGEP_2005A   2060006   2006   45.5   32.0   59.0      2   75.01 -149.89   75.01   75.01 -149.89 -149.89     28   1209600     -0.24     -0.80      0.56      0.31     45.53     45.28     46.05      0.21      1.64      0.00     20.23      1.30
        BGEP  BGEP_2005A   2060007   2006   75.5   60.0   90.0      3   75.01 -149.89   75.01   75.01 -149.89 -149.89     31   1339200     -0.36     -0.70     -0.04      0.20     45.24     45.15     45.37      0.07      1.95      0.00     19.90      1.51
        BGEP  BGEP_2005A   2060008   2006  104.9   91.0  120.0      4   75.01 -149.89   75.01   75.01 -149.89 -149.89     30   1296000     -0.01     -0.54      0.53      0.30     45.30     45.20     45.38      0.05      1.91      0.00     16.44      1.39
        BGEP  BGEP_2005A   2060009   2006  135.5  121.0  151.0      5   75.01 -149.89   75.01   75.01 -149.89 -149.89     31   1339200     -0.16     -0.41      0.31      0.15     45.30     45.15     46.04      0.21      2.22      0.00     20.07      1.46
        BGEP  BGEP_2005A   2060010   2006  166.9  152.0  181.0      6   75.01 -149.89   75.01   75.01 -149.89 -149.89     30   1296000     -0.14     -0.49      0.14      0.17     45.29     45.22     45.43      0.05      1.99      0.00     17.29      1.35
        BGEP  BGEP_2005A   2060011   2006  198.4  182.0  212.0      7   75.01 -149.89   75.01   75.01 -149.89 -149.89     31   1339200     -0.01     -0.38      1.17      0.35     45.31     45.10     45.49      0.11      1.54      0.00     13.55      1.11
        BGEP  BGEP_2005A   2060012   2006  221.2  213.0  229.0      8   75.01 -149.89   75.01   75.01 -149.89 -149.89     17    722980     -0.09     -0.38      0.31      0.23     45.19     45.05     45.27      0.06      1.11      0.00     20.08      1.05
        BGEP  BGEP_2005B   2070000   2005  236.6  229.0  243.0      8   77.99 -149.97   77.99   77.99 -149.97 -149.97     15    611239     -0.89     -1.28     -0.31      0.22     54.09     54.00     54.15      0.04      1.62      0.00     14.53      1.04
        BGEP  BGEP_2005C   2080001   2005  258.3  244.0  273.0      9   76.97 -139.99   76.97   76.97 -139.99 -139.99     30   1296000     -1.65     -1.65     -1.63      0.00     48.28     48.05     48.73      0.21      1.90      0.00     18.28      1.21
        BGEP  BGEP_2005C   2080002   2005  289.3  274.0  304.0     10   76.97 -139.99   76.97   76.97 -139.99 -139.99     31   1339200     -1.64     -1.65     -1.58      0.02     47.94     47.80     48.10      0.08      1.77      0.00     20.67      1.32
        BGEP  BGEP_2005C   2080003   2005  320.1  305.0  334.0     11   76.97 -139.99   76.97   76.97 -139.99 -139.99     30   1296000     -1.62     -1.65     -1.55      0.03     47.81     47.63     47.94      0.08      1.47      0.00     15.94      1.20
        BGEP  BGEP_2005C   2080004   2005  349.9  335.0  365.0     12   76.97 -139.99   76.97   76.97 -139.99 -139.99     31   1339200     -1.58     -1.65     -1.41      0.07     47.73     47.59     47.92      0.10      1.75      0.00     18.71      1.27
        BGEP  BGEP_2005C   2080005   2006   15.5    1.0   31.0      1   76.97 -139.99   76.97   76.97 -139.99 -139.99     31   1339200     -1.52     -1.65     -1.42      0.06     47.87     47.75     48.06      0.08      2.08      0.02     14.53      1.27
        BGEP  BGEP_2005C   2080006   2006   45.5   32.0   59.0      2   76.97 -139.99   76.97   76.97 -139.99 -139.99     28   1209600     -1.51     -1.55     -1.44      0.03     47.67     47.53     47.90      0.10      2.20      0.00     18.28      1.44
        BGEP  BGEP_2005C   2080007   2006   75.5   60.0   90.0      3   76.97 -139.99   76.97   76.97 -139.99 -139.99     31   1339200     -1.45     -1.57     -1.26      0.08     47.47     47.37     47.62      0.06      2.39      0.03     14.59      1.48
        BGEP  BGEP_2005C   2080008   2006  104.9   91.0  120.0      4   76.97 -139.99   76.97   76.97 -139.99 -139.99     30   1296000     -1.50     -1.60     -1.44      0.04     47.48     47.34     47.61      0.06      2.66      0.00     18.75      1.61
        BGEP  BGEP_2005C   2080009   2006  135.5  121.0  151.0      5   76.97 -139.99   76.97   76.97 -139.99 -139.99     31   1339200     -1.55     -1.65     -1.48      0.05     47.47     47.37     47.69      0.08      2.78      0.00     20.06      1.69
        BGEP  BGEP_2005C   2080010   2006  166.9  152.0  181.0      6   76.97 -139.99   76.97   76.97 -139.99 -139.99     30   1296000     -1.59     -1.66     -1.33      0.07     47.61     47.51     47.79      0.07      2.64      0.00     19.58      1.62
        BGEP  BGEP_2005C   2080011   2006  198.4  182.0  212.0      7   76.97 -139.99   76.97   76.97 -139.99 -139.99     31   1339200     -1.25     -1.55     -1.07      0.13     47.61     47.36     47.76      0.10      2.05      0.00     18.94      1.39
        BGEP  BGEP_2005C   2080012   2006  228.6  213.0  243.0      8   76.97 -139.99   76.97   76.97 -139.99 -139.99     31   1338299     -1.29     -1.43     -1.15      0.06     47.44     47.27     47.58      0.08      1.31      0.00     17.46      0.91
        BGEP  BGEP_2006A   2090001   2006  258.3  244.0  273.0      9   75.00 -150.00   75.00   75.00 -150.00 -150.00     30   1296000      0.18     -0.01      0.37      0.11     51.36     51.23     51.50      0.08      1.13      0.00     13.32      1.28
        BGEP  BGEP_2006A   2090002   2006  289.3  274.0  304.0     10   75.00 -150.00   75.00   75.00 -150.00 -150.00     31   1339200     -0.26     -0.72      0.24      0.25     51.24     50.99     51.44      0.11      1.65      0.00     15.65      1.39
        BGEP  BGEP_2006A   2090003   2006  320.1  305.0  334.0     11   75.00 -150.00   75.00   75.00 -150.00 -150.00     30   1296000     -0.68     -1.23     -0.08      0.31     51.06     50.81     51.59      0.17      1.51      0.00     16.83      1.38
        BGEP  BGEP_2006A   2090004   2006  349.9  335.0  365.0     12   75.00 -150.00   75.00   75.00 -150.00 -150.00     31   1339200     -0.76     -1.26     -0.53      0.20     51.04     50.90     51.27      0.10      1.61      0.00     21.72      1.57
        BGEP  BGEP_2006A   2090005   2007   15.5    1.0   31.0      1   75.00 -150.00   75.00   75.00 -150.00 -150.00     31   1339200     -0.84     -0.97     -0.76      0.06     50.83     50.53     51.18      0.14      1.44      0.01     16.61      1.27
        BGEP  BGEP_2006A   2090006   2007   45.5   32.0   59.0      2   75.00 -150.00   75.00   75.00 -150.00 -150.00     28   1209600     -0.85     -0.97     -0.58      0.09     50.70     50.49     50.82      0.09      1.83      0.02     18.55      1.55
        BGEP  BGEP_2006A   2090007   2007   75.5   60.0   90.0      3   75.00 -150.00   75.00   75.00 -150.00 -150.00     31   1339200     -1.08     -1.56     -0.68      0.24     50.59     50.39     50.90      0.17      2.17      0.02     20.24      1.44
        BGEP  BGEP_2006A   2090008   2007  104.9   91.0  120.0      4   75.00 -150.00   75.00   75.00 -150.00 -150.00     30   1296000     -1.36     -2.12     -0.75      0.44     50.60     50.46     50.80      0.09      2.14      0.00     17.94      1.31
        BGEP  BGEP_2006A   2090009   2007  135.5  121.0  151.0      5   75.00 -150.00   75.00   75.00 -150.00 -150.00     31   1339200     -1.42     -1.90     -0.99      0.26     50.57     50.44     50.75      0.08      2.48      0.00     18.70      1.54
        BGEP  BGEP_2006A   2090010   2007  166.9  152.0  181.0      6   75.00 -150.00   75.00   75.00 -150.00 -150.00     30   1296000     -1.11     -1.65     -0.89      0.19     50.56     50.41     50.71      0.08      2.22      0.00     16.94      1.40
        BGEP  BGEP_2006A   2090011   2007  198.4  182.0  212.0      7   75.00 -150.00   75.00   75.00 -150.00 -150.00     31   1339200     -1.61     -1.77     -1.29      0.15     50.55     50.50     50.61      0.03      1.52      0.00     12.68      0.92
        BGEP  BGEP_2006B   2100000   2006  259.3  245.0  273.0      9   77.99 -149.97   77.99   77.99 -149.97 -149.97     29   1217899     -1.03     -1.47      0.09      0.39     50.61     50.47     50.99      0.16      1.15      0.00     10.43      0.88
        BGEP  BGEP_2006B   2100001   2006  289.3  274.0  304.0     10   77.99 -149.97   77.99   77.99 -149.97 -149.97     31   1339200     -0.11     -1.31      0.85      0.64     51.15     50.49     57.34      1.58      0.99      0.00      9.16      0.86
        BGEP  BGEP_2006B   2100002   2006  320.1  305.0  334.0     11   77.99 -149.97   77.99   77.99 -149.97 -149.97     30   1296000      0.42     -0.31      0.88      0.27     50.92     50.31     55.15      1.11      1.08      0.00     13.34      1.03
        BGEP  BGEP_2006B   2100003   2006  349.9  335.0  365.0     12   77.99 -149.97   77.99   77.99 -149.97 -149.97     31   1339200      0.02     -0.78      0.47      0.35     50.56     50.08     53.59      0.78      1.41      0.00     16.07      1.27
        BGEP  BGEP_2006B   2100004   2007   15.5    1.0   31.0      1   77.99 -149.97   77.99   77.99 -149.97 -149.97     31   1339200     -0.16     -0.87      0.36      0.41     56.00     50.20     71.11      7.04      1.84      0.00     15.30      1.18
        BGEP  BGEP_2006B   2100005   2007   45.5   32.0   59.0      2   77.99 -149.97   77.99   77.99 -149.97 -149.97     28   1209600      0.05     -0.83      0.48      0.39     52.78     49.94     69.62      5.87      2.01      0.00     18.40      1.26
        BGEP  BGEP_2006B   2100006   2007   75.5   60.0   90.0      3   77.99 -149.97   77.99   77.99 -149.97 -149.97     31   1339200     -0.01     -0.52      0.21      0.20     50.50     49.88     51.78      0.51      2.02      0.00     19.75      1.39
        BGEP  BGEP_2006B   2100007   2007  104.9   91.0  120.0      4   77.99 -149.97   77.99   77.99 -149.97 -149.97     30   1296000     -0.09     -0.84      0.21      0.28     50.49     49.97     55.16      1.04      2.72      0.00     19.73      2.04
        BGEP  BGEP_2006B   2100008   2007  135.5  121.0  151.0      5   77.99 -149.97   77.99   77.99 -149.97 -149.97     31   1339200     -0.26     -0.86      0.20      0.31     53.39     49.92     60.54      4.20      2.30      0.00     19.04      1.55
        BGEP  BGEP_2006B   2100009   2007  166.9  152.0  181.0      6   77.99 -149.97   77.99   77.99 -149.97 -149.97     30   1296000     -0.29     -1.24      0.38      0.50     54.42     50.05     69.50      6.10      2.20      0.00     23.04      1.56
        BGEP  BGEP_2006B   2100010   2007  198.4  182.0  212.0      7   77.99 -149.97   77.99   77.99 -149.97 -149.97     31   1339200     -0.15     -0.97      0.23      0.29     53.04     49.95     68.28      4.61      1.61      0.00     16.48      1.14
        BGEP  BGEP_2006B   2100011   2007  217.5  213.0  222.0      8   77.99 -149.97   77.99   77.99 -149.97 -149.97     10    416101     -0.14     -0.29      0.07      0.10     50.03     49.88     50.22      0.12      1.34      0.00     19.44      0.91
        BGEP  BGEP_2006C   2110000   2006  261.4  249.0  273.0      9   77.00 -139.92   77.00   77.00 -139.92 -139.92     25   1045773     -1.03     -1.16     -0.74      0.08     52.10     51.85     53.25      0.27      1.05      0.00     12.84      1.09
        BGEP  BGEP_2006C   2110001   2006  289.3  274.0  304.0     10   77.00 -139.92   77.00   77.00 -139.92 -139.92     31   1339200     -1.02     -1.24     -0.90      0.07     51.94     51.67     52.20      0.13      1.11      0.00     11.51      0.91
        BGEP  BGEP_2006C   2110002   2006  320.1  305.0  334.0     11   77.00 -139.92   77.00   77.00 -139.92 -139.92     30   1296000     -1.15     -1.41     -0.92      0.16     51.80     51.59     52.00      0.10      1.27      0.00     13.09      1.09
        BGEP  BGEP_2006C   2110003   2006  349.9  335.0  365.0     12   77.00 -139.92   77.00   77.00 -139.92 -139.92     31   1339200     -1.29     -1.44     -1.05      0.12     51.85     50.83     52.02      0.23      1.66      0.00     14.15      1.27
        BGEP  BGEP_2006C   2110004   2007   15.5    1.0   31.0      1   77.00 -139.92   77.00   77.00 -139.92 -139.92     31   1339200     -1.23     -1.37     -0.98      0.11     51.44     51.28     51.68      0.10      1.59      0.00     16.05      1.18
        BGEP  BGEP_2006C   2110005   2007   45.5   32.0   59.0      2   77.00 -139.92   77.00   77.00 -139.92 -139.92     28   1209600     -1.18     -1.42     -0.90      0.17     51.43     51.12     51.73      0.14      1.77      0.00     14.70      1.14
        BGEP  BGEP_2006C   2110006   2007   75.5   60.0   90.0      3   77.00 -139.92   77.00   77.00 -139.92 -139.92     31   1339200     -0.72     -1.31     -0.17      0.32     51.31     51.06     51.65      0.15      2.28      0.00     19.13      1.38
        BGEP  BGEP_2006C   2110007   2007  104.9   91.0  120.0      4   77.00 -139.92   77.00   77.00 -139.92 -139.92     30   1296000     -0.08     -0.93      0.45      0.39     51.25     51.03     51.52      0.12      2.26      0.00     23.95      1.46
        BGEP  BGEP_2006C   2110008   2007  135.5  121.0  151.0      5   77.00 -139.92   77.00   77.00 -139.92 -139.92     31   1339200      0.14     -0.06      0.34      0.11     51.17     51.03     51.52      0.10      2.20      0.00     15.31      1.40
        BGEP  BGEP_2006C   2110009   2007  166.9  152.0  181.0      6   77.00 -139.92   77.00   77.00 -139.92 -139.92     30   1296000      0.30      0.05      0.45      0.08     51.38     51.11     51.66      0.13      2.27      0.00     24.44      1.63
        BGEP  BGEP_2006C   2110010   2007  198.4  182.0  212.0      7   77.00 -139.92   77.00   77.00 -139.92 -139.92     31   1339200      0.24     -0.11      0.45      0.16     51.34     51.13     51.45      0.07      1.52      0.00     24.40      1.33
        BGEP  BGEP_2006C   2110011   2007  220.4  213.0  227.0      8   77.00 -139.92   77.00   77.00 -139.92 -139.92     15    633808     -0.05     -0.15      0.08      0.07     51.23     51.16     51.29      0.04      1.24      0.00     14.06      0.81
        BGEP  BGEP_2006D   2120000   2006  263.1  253.0  273.0      9   74.00 -139.99   74.00   74.00 -139.99 -139.99     21    900419     -0.81     -0.90     -0.56      0.07     37.28     37.01     37.42      0.10      0.95      0.00     12.12      1.13
        BGEP  BGEP_2006D   2120001   2006  289.3  274.0  304.0     10   74.00 -139.99   74.00   74.00 -139.99 -139.99     31   1339200     -0.94     -1.00     -0.76      0.07     37.27     37.04     37.41      0.10      1.35      0.00     15.07      1.37
        BGEP  BGEP_2006D   2120002   2006  320.1  305.0  334.0     11   74.00 -139.99   74.00   74.00 -139.99 -139.99     30   1296000     -0.93     -1.00     -0.90      0.04     37.05     36.86     37.24      0.11      1.42      0.00     15.14      1.29
        BGEP  BGEP_2006D   2120003   2006  349.9  335.0  365.0     12   74.00 -139.99   74.00   74.00 -139.99 -139.99     31   1339200     -1.11     -1.41     -0.90      0.23     37.09     36.96     37.23      0.08      1.52      0.00     14.81      1.26
        BGEP  BGEP_2006D   2120004   2007   15.5    1.0   31.0      1   74.00 -139.99   74.00   74.00 -139.99 -139.99     31   1339200     -1.12     -1.44     -1.00      0.13     36.85     36.66     37.09      0.12      1.52      0.00     21.57      1.14
        BGEP  BGEP_2006D   2120005   2007   45.5   32.0   59.0      2   74.00 -139.99   74.00   74.00 -139.99 -139.99     28   1209600     -1.40     -1.50     -1.20      0.09     36.77     36.52     36.90      0.10      1.59      0.00     16.55      1.12
        BGEP  BGEP_2006D   2120006   2007   75.5   60.0   90.0      3   74.00 -139.99   74.00   74.00 -139.99 -139.99     31   1339200     -1.54     -1.58     -1.46      0.03     36.64     36.43     36.90      0.13      1.82      0.01     20.86      1.00
        BGEP  BGEP_2006D   2120007   2007  104.9   91.0  120.0      4   74.00 -139.99   74.00   74.00 -139.99 -139.99     30   1296000     -1.25     -1.48     -1.13      0.09     36.60     36.47     36.77      0.08      2.17      0.01     21.42      1.46
        BGEP  BGEP_2006D   2120008   2007  135.5  121.0  151.0      5   74.00 -139.99   74.00   74.00 -139.99 -139.99     31   1339200     -1.31     -1.43     -1.20      0.06     36.60     36.51     36.75      0.05      2.02      0.01     21.62      1.40
        BGEP  BGEP_2006D   2120009   2007  166.9  152.0  181.0      6   74.00 -139.99   74.00   74.00 -139.99 -139.99     30   1296000     -1.42     -1.50     -1.39      0.03     36.65     36.51     36.85      0.08      1.81      0.00     20.76      1.25
        BGEP  BGEP_2006D   2120010   2007  198.4  182.0  212.0      7   74.00 -139.99   74.00   74.00 -139.99 -139.99     31   1339200     -1.25     -1.40     -0.95      0.10     36.64     36.57     36.72      0.04      1.38      0.00     21.69      0.99
        BGEP  BGEP_2006D   2120011   2007  223.7  213.0  234.0      8   74.00 -139.99   74.00   74.00 -139.99 -139.99     22    941001     -1.06     -1.17     -0.95      0.06     36.58     36.53     36.67      0.04      0.97      0.00      9.42      0.75
        BGEP  BGEP_2007A   2130000   2007  232.0  221.0  243.0      8   75.00 -149.97   75.00   75.00 -149.97 -149.97     23    983159     -1.02     -1.17     -0.75      0.12     52.52     52.43     52.80      0.09      0.90      0.00     10.05      0.70
        BGEP  BGEP_2007A   2130001   2007  258.3  244.0  273.0      9   75.00 -149.97   75.00   75.00 -149.97 -149.97     30   1296000     -1.34     -1.64     -0.98      0.21     52.47     52.38     52.76      0.09      0.36      0.00      8.37      0.56
        BGEP  BGEP_2007A   2130002   2007  289.3  274.0  304.0     10   75.00 -149.97   75.00   75.00 -149.97 -149.97     31   1339200     -1.47     -1.56     -1.25      0.08     52.49     52.30     52.83      0.11      0.61      0.00     13.45      0.93
        BGEP  BGEP_2007A   2130003   2007  320.1  305.0  334.0     11   75.00 -149.97   75.00   75.00 -149.97 -149.97     30   1296000     -1.41     -1.97     -1.12      0.23     52.52     52.13     54.22      0.51      1.66      0.00     22.84      2.02
        BGEP  BGEP_2007A   2130004   2007  349.9  335.0  365.0     12   75.00 -149.97   75.00   75.00 -149.97 -149.97     31   1339200     -1.80     -1.97     -1.35      0.14     52.32     52.13     52.63      0.14      1.29      0.00     26.41      1.52
        BGEP  BGEP_2007A   2130005   2008   15.5    1.0   31.0      1   75.00 -149.97   75.00   75.00 -149.97 -149.97     31   1339200     -1.73     -1.95     -1.40      0.15     52.28     51.97     53.12      0.32      1.79      0.01     24.63      2.30
        BGEP  BGEP_2007A   2130006   2008   45.7   32.0   60.0      2   75.00 -149.97   75.00   75.00 -149.97 -149.97     29   1252800     -1.16     -1.72     -0.50      0.36     57.39     52.09     64.59      4.39      2.27      0.00     20.97      2.04
        BGEP  BGEP_2007A   2130007   2008   76.6   61.0   91.0      3   75.00 -149.97   75.00   75.00 -149.97 -149.97     31   1339200     -1.42     -1.79     -0.41      0.41     54.31     51.58     64.66      4.57      2.41      0.01     23.78      2.32
        BGEP  BGEP_2007A   2130008   2008  106.3   92.0  121.0      4   75.00 -149.97   75.00   75.00 -149.97 -149.97     30   1296000     -1.44     -1.68     -1.15      0.19     52.34     51.75     53.74      0.53      2.06      0.03     20.02      1.53
        BGEP  BGEP_2007A   2130009   2008  136.1  122.0  152.0      5   75.00 -149.97   75.00   75.00 -149.97 -149.97     31   1339200     -1.38     -1.50     -1.18      0.06     52.06     51.71     53.01      0.30      1.73      0.02     20.51      1.19
        BGEP  BGEP_2007A   2130010   2008  167.3  153.0  182.0      6   75.00 -149.97   75.00   75.00 -149.97 -149.97     30   1296000     -1.40     -1.47     -1.33      0.04     51.91     51.75     52.06      0.08      1.71      0.00     17.44      1.27
        BGEP  BGEP_2007A   2130011   2008  196.1  183.0  209.0      7   75.00 -149.97   75.00   75.00 -149.97 -149.97     27   1150640     -1.24     -1.36     -1.11      0.07     51.89     51.80     52.01      0.05      0.91      0.00     17.26      1.31
        BGEP  BGEP_2007B   2140000   2007  234.3  225.0  243.0      8   77.99 -149.98   77.99   77.99 -149.98 -149.98     19    784959      0.00     -0.29      0.58      0.20     48.70     48.55     49.08      0.13      0.79      0.00     12.75      0.81
        BGEP  BGEP_2007B   2140001   2007  258.3  244.0  273.0      9   77.99 -149.98   77.99   77.99 -149.98 -149.98     30   1296000     -0.45     -1.07     -0.02      0.30     50.57     48.45     59.04      3.59      0.64      0.00     22.43      0.81
        BGEP  BGEP_2007B   2140002   2007  289.3  274.0  304.0     10   77.99 -149.98   77.99   77.99 -149.98 -149.98     31   1339200     -0.91     -1.17     -0.71      0.11     49.04     48.44     50.58      0.65      0.54      0.00     24.89      0.68
        BGEP  BGEP_2007B   2140003   2007  320.1  305.0  334.0     11   77.99 -149.98   77.99   77.99 -149.98 -149.98     30   1296000     -0.92     -1.02     -0.76      0.08     48.36     48.14     49.14      0.22      1.02      0.00     13.32      0.95
        BGEP  BGEP_2007B   2140004   2007  349.9  335.0  365.0     12   77.99 -149.98   77.99   77.99 -149.98 -149.98     31   1339200     -0.17     -1.29      0.72      0.54     53.17     48.22     70.37      6.76      1.47      0.00     27.61      1.45
        BGEP  BGEP_2007B   2140005   2008   15.5    1.0   31.0      1   77.99 -149.98   77.99   77.99 -149.98 -149.98     31   1339200     -0.04     -0.53      0.81      0.34     49.91     48.09     61.42      3.38      1.43      0.00     23.17      1.31
        BGEP  BGEP_2007B   2140006   2008   45.7   32.0   60.0      2   77.99 -149.98   77.99   77.99 -149.98 -149.98     29   1252800     -0.45     -1.53      0.80      0.76     52.99     48.60     67.19      4.19      1.79      0.00     29.74      1.61
        BGEP  BGEP_2007B   2140007   2008   76.6   61.0   91.0      3   77.99 -149.98   77.99   77.99 -149.98 -149.98     31   1339200     -1.61     -1.67     -1.54      0.03     47.94     47.61     48.51      0.25      1.80      0.03     19.50      1.36
        BGEP  BGEP_2007B   2140008   2008  106.3   92.0  121.0      4   77.99 -149.98   77.99   77.99 -149.98 -149.98     30   1296000     -1.61     -1.69     -1.52      0.04     48.59     47.76     57.59      1.92      2.34      0.02     27.36      1.53
        BGEP  BGEP_2007B   2140009   2008  139.6  122.0  152.0      5   77.99 -149.98   77.99   77.99 -149.98 -149.98     27   1123849     -1.53     -1.61     -1.04      0.12     49.88     47.93     70.94      5.59      2.42      0.00     27.37      1.89
        BGEP  BGEP_2007B   2140010   2008  167.3  153.0  182.0      6   77.99 -149.98   77.99   77.99 -149.98 -149.98     30   1296000     -1.34     -1.57     -1.18      0.10     48.06     47.92     48.34      0.12      2.69      0.00     23.15      2.09
        BGEP  BGEP_2007B   2140011   2008  198.8  183.0  213.0      7   77.99 -149.98   77.99   77.99 -149.98 -149.98     31   1324720     -1.14     -1.43     -0.90      0.14     48.36     47.86     52.12      1.09      1.46      0.00     20.48      1.33
        BGEP  BGEP_2007C   2150000   2007  237.0  230.0  243.0      8   76.98 -139.95   76.98   76.98 -139.95 -139.95     14    570719     -0.18     -0.83      0.53      0.30     51.63     51.52     51.75      0.08      1.16      0.00     12.43      0.81
        BGEP  BGEP_2007C   2150001   2007  258.3  244.0  273.0      9   76.98 -139.95   76.98   76.98 -139.95 -139.95     30   1296000     -0.68     -1.21     -0.19      0.26     51.60     51.47     51.92      0.12      1.14      0.00     11.32      0.93
        BGEP  BGEP_2007C   2150002   2007  289.3  274.0  304.0     10   76.98 -139.95   76.98   76.98 -139.95 -139.95     31   1339200     -0.85     -1.09     -0.49      0.17     51.40     51.27     51.56      0.07      1.33      0.00     12.65      1.18
        BGEP  BGEP_2007C   2150003   2007  320.1  305.0  334.0     11   76.98 -139.95   76.98   76.98 -139.95 -139.95     30   1296000     -1.16     -1.28     -1.03      0.08     51.26     51.10     51.40      0.09      1.43      0.00     14.75      1.17
        BGEP  BGEP_2007C   2150004   2007  349.9  335.0  365.0     12   76.98 -139.95   76.98   76.98 -139.95 -139.95     31   1339200     -1.24     -1.36     -1.13      0.06     51.32     51.08     51.85      0.23      1.19      0.00     14.84      1.21
        BGEP  BGEP_2007C   2150005   2008   15.5    1.0   31.0      1   76.98 -139.95   76.98   76.98 -139.95 -139.95     31   1339200     -1.22     -1.39     -1.10      0.08     51.14     50.98     51.29      0.09      1.72      0.00     16.85      1.79
        BGEP  BGEP_2007C   2150006   2008   45.7   32.0   60.0      2   76.98 -139.95   76.98   76.98 -139.95 -139.95     29   1252800     -1.15     -1.67     -0.89      0.19     51.07     50.88     51.23      0.10      1.68      0.00     18.04      1.36
        BGEP  BGEP_2007C   2150007   2008   76.6   61.0   91.0      3   76.98 -139.95   76.98   76.98 -139.95 -139.95     31   1339200     -1.19     -1.28     -1.03      0.06     50.82     50.53     51.05      0.15      1.95      0.00     15.40      1.35
        BGEP  BGEP_2007C   2150008   2008  106.3   92.0  121.0      4   76.98 -139.95   76.98   76.98 -139.95 -139.95     30   1296000     -1.37     -1.66     -1.19      0.15     50.93     50.80     51.24      0.09      2.07      0.00     17.21      1.29
        BGEP  BGEP_2007C   2150009   2008  136.1  122.0  152.0      5   76.98 -139.95   76.98   76.98 -139.95 -139.95     31   1339200     -1.51     -1.68     -1.29      0.11     51.04     50.77     51.71      0.20      2.25      0.00     19.12      1.48
        BGEP  BGEP_2007C   2150010   2008  167.3  153.0  182.0      6   76.98 -139.95   76.98   76.98 -139.95 -139.95     30   1296000     -1.37     -1.45     -1.17      0.06     50.94     50.83     51.04      0.05      2.12      0.00     15.18      1.27
        BGEP  BGEP_2007C   2150011   2008  198.9  183.0  213.0      7   76.98 -139.95   76.98   76.98 -139.95 -139.95     31   1339200     -1.41     -1.56     -1.36      0.04     50.95     50.81     51.17      0.10      1.56      0.00     17.71      1.15
        BGEP  BGEP_2007D   2160001   2007  258.3  244.0  273.0      9   74.00 -139.91   74.00   74.00 -139.91 -139.91     30   1296000     -0.23     -0.64      0.11      0.23     27.21     27.13     27.32      0.06      0.40      0.00     16.29      0.90
        BGEP  BGEP_2007D   2160002   2007  289.3  274.0  304.0     10   74.00 -139.91   74.00   74.00 -139.91 -139.91     31   1339200     -1.03     -1.25      0.03      0.36     27.16     27.00     27.29      0.08      1.44      0.00     21.97      1.83
        BGEP  BGEP_2007D   2160003   2007  320.1  305.0  334.0     11   74.00 -139.91   74.00   74.00 -139.91 -139.91     30   1296000     -1.30     -1.35     -1.25      0.05     27.06     26.89     27.29      0.11      2.15      0.00     22.20      2.54
        BGEP  BGEP_2007D   2160004   2007  349.9  335.0  365.0     12   74.00 -139.91   74.00   74.00 -139.91 -139.91     31   1339200     -1.36     -1.42     -1.34      0.02     27.03     26.81     27.23      0.11      1.68      0.00     19.67      1.94
        BGEP  BGEP_2007D   2160005   2008   15.5    1.0   31.0      1   74.00 -139.91   74.00   74.00 -139.91 -139.91     31   1339200     -1.45     -1.51     -1.35      0.03     26.92     26.77     27.15      0.10      1.40      0.00     17.85      1.33
        BGEP  BGEP_2007D   2160006   2008   45.7   32.0   60.0      2   74.00 -139.91   74.00   74.00 -139.91 -139.91     29   1252800     -1.44     -1.52     -1.17      0.06     27.34     26.84     28.74      0.63      1.43      0.00     18.12      1.19
        BGEP  BGEP_2007D   2160007   2008   76.6   61.0   91.0      3   74.00 -139.91   74.00   74.00 -139.91 -139.91     31   1339200     -1.46     -1.47     -1.45      0.00     26.60     26.30     27.12      0.19      1.54      0.02     19.91      1.13
        BGEP  BGEP_2007D   2160008   2008  106.3   92.0  121.0      4   74.00 -139.91   74.00   74.00 -139.91 -139.91     30   1296000     -1.45     -1.46     -1.45      0.00     26.64     26.49     26.77      0.08      1.73      0.02     19.17      1.14
        BGEP  BGEP_2007D   2160009   2008  136.1  122.0  152.0      5   74.00 -139.91   74.00   74.00 -139.91 -139.91     31   1339200     -1.45     -1.45     -1.45      0.00     26.66     26.47     26.79      0.10      1.22      0.00     14.14      1.12
        BGEP  BGEP_2007D   2160010   2008  167.3  153.0  182.0      6   74.00 -139.91   74.00   74.00 -139.91 -139.91     30   1296000     -1.32     -1.44     -1.19      0.07     26.69     26.56     26.80      0.06      1.37      0.00     13.79      0.92
        BGEP  BGEP_2007D   2160011   2008  198.9  183.0  213.0      7   74.00 -139.91   74.00   74.00 -139.91 -139.91     31   1339200     -0.97     -1.20     -0.67      0.17     26.74     26.62     27.11      0.10      1.20      0.00     18.72      1.43
        BGEP  BGEP_2007D   2160012   2008  219.3  214.0  225.0      8   74.00 -139.91   74.00   74.00 -139.91 -139.91     12    506700     -0.74     -0.86     -0.64      0.07     26.70     26.56     27.11      0.16      0.28      0.00     11.20      0.62
        BGEP  BGEP_2008A   2170001   2008  228.2  214.0  244.0      8   75.00 -150.00   75.00   75.00 -150.00 -150.00     29   1131277     -0.42     -0.69      0.15      0.19     60.57     53.27     74.33      7.25      0.07      0.00      8.33      0.30
        BGEP  BGEP_2008A   2170002   2008  259.1  245.0  274.0      9   75.00 -150.00   75.00   75.00 -150.00 -150.00     30   1295995     -0.54     -0.75     -0.23      0.11     53.09     52.72     54.12      0.28      0.01      0.00      0.74      0.05
        BGEP  BGEP_2008A   2170003   2008  290.1  275.0  305.0     10   75.00 -150.00   75.00   75.00 -150.00 -150.00     31   1339194     -0.52     -0.73     -0.36      0.11     52.82     52.69     53.04      0.08      0.18      0.00      8.57      0.32
        BGEP  BGEP_2008A   2170004   2008  321.0  306.0  335.0     11   75.00 -150.00   75.00   75.00 -150.00 -150.00     30   1295995     -0.22     -0.62      0.34      0.29     52.68     52.57     52.80      0.06      0.46      0.00     10.52      0.48
        BGEP  BGEP_2008A   2170005   2008  351.4  336.0  366.0     12   75.00 -150.00   75.00   75.00 -150.00 -150.00     31   1339195     -0.17     -0.40      0.10      0.14     52.56     52.38     52.82      0.11      0.73      0.00     13.22      0.80
        BGEP  BGEP_2008A   2170006   2009   15.8    1.0   31.0      1   75.00 -150.00   75.00   75.00 -150.00 -150.00     31   1339194     -0.58     -0.68     -0.38      0.07     52.50     52.26     52.74      0.11      0.97      0.00     12.16      0.71
        BGEP  BGEP_2008A   2170007   2009   45.0   32.0   59.0      2   75.00 -150.00   75.00   75.00 -150.00 -150.00     28   1209595     -0.64     -0.69     -0.49      0.06     52.38     52.24     52.49      0.06      1.32      0.00     16.39      1.02
        BGEP  BGEP_2008A   2170008   2009   75.6   60.0   90.0      3   75.00 -150.00   75.00   75.00 -150.00 -150.00     31   1339195     -0.67     -0.81     -0.58      0.06     54.00     52.09     61.00      2.25      1.53      0.00     14.45      1.37
        BGEP  BGEP_2008A   2170009   2009  105.3   91.0  120.0      4   75.00 -150.00   75.00   75.00 -150.00 -150.00     30   1295995     -0.65     -0.72     -0.56      0.04     52.43     52.17     53.88      0.37      1.22      0.00     15.52      0.99
        BGEP  BGEP_2008A   2170010   2009  135.1  121.0  151.0      5   75.00 -150.00   75.00   75.00 -150.00 -150.00     31   1339194     -0.69     -0.74     -0.62      0.04     52.25     52.12     52.33      0.05      1.61      0.00     17.04      1.14
        BGEP  BGEP_2008A   2170011   2009  166.3  152.0  181.0      6   75.00 -150.00   75.00   75.00 -150.00 -150.00     30   1295995     -0.68     -0.73     -0.65      0.02     52.26     52.14     52.37      0.05      1.49      0.00     17.75      1.04
        BGEP  BGEP_2008A   2170012   2009  197.9  182.0  212.0      7   75.00 -150.00   75.00   75.00 -150.00 -150.00     31   1339194     -0.68     -0.71     -0.66      0.01     55.25     52.58     60.13      2.27      1.06      0.00     11.89      0.78
        BGEP  BGEP_2008A   2170013   2009  229.3  213.0  243.0      8   75.00 -150.00   75.00   75.00 -150.00 -150.00     31   1338295     -0.67     -0.74     -0.60      0.03     53.00     52.25     56.68      1.11      0.37      0.00      8.52      0.57
        BGEP  BGEP_2008A   2170014   2009  257.2  244.0  272.0      9   75.00 -150.00   75.00   75.00 -150.00 -150.00     29   1240431     -0.62     -0.68     -0.51      0.04     52.78     52.17     54.80      0.73      0.00      0.00      4.81      0.08
        BGEP  BGEP_2008B   2180000   2008  229.2  214.0  244.0      8   78.00 -150.07   78.00   78.00 -150.07 -150.07     31   1304067      0.02     -0.33      0.41      0.21     55.14     54.39     62.06      1.44      0.55      0.00     12.97      0.95
        BGEP  BGEP_2008B   2180001   2008  260.9  245.0  274.0      9   78.00 -150.07   78.00   78.00 -150.07 -150.07     27   1050559     -0.24     -0.41      0.19      0.16     59.14     54.36     74.64      6.12      0.34      0.00     12.97      0.69
        BGEP  BGEP_2008B   2180002   2008  291.1  275.0  305.0     10   78.00 -150.07   78.00   78.00 -150.07 -150.07     29   1218764     -0.20     -0.34     -0.08      0.07     55.25     54.09     70.68      3.37      0.62      0.00     14.25      0.98
        BGEP  BGEP_2008B   2180003   2008  321.0  306.0  335.0     11   78.00 -150.07   78.00   78.00 -150.07 -150.07     30   1296000     -0.20     -0.36     -0.02      0.11     54.12     53.93     54.47      0.14      0.90      0.00     16.33      1.09
        BGEP  BGEP_2008B   2180004   2008  351.4  336.0  366.0     12   78.00 -150.07   78.00   78.00 -150.07 -150.07     31   1339200     -0.24     -0.40     -0.14      0.07     53.98     53.79     54.17      0.12      0.89      0.00     14.67      0.77
        BGEP  BGEP_2008B   2180005   2009   15.8    1.0   31.0      1   78.00 -150.07   78.00   78.00 -150.07 -150.07     31   1339200     -0.32     -0.61     -0.24      0.09     54.46     53.83     56.21      0.75      1.39      0.00     19.73      1.36
        BGEP  BGEP_2008B   2180006   2009   45.0   32.0   59.0      2   78.00 -150.07   78.00   78.00 -150.07 -150.07     28   1209600     -0.46     -0.61     -0.31      0.07     55.44     53.76     59.65      1.94      1.50      0.00     17.06      1.08
        BGEP  BGEP_2008B   2180007   2009   75.6   60.0   90.0      3   78.00 -150.07   78.00   78.00 -150.07 -150.07     31   1339200     -0.56     -0.72     -0.44      0.06     53.73     53.44     55.83      0.55      1.79      0.00     14.54      1.23
        BGEP  BGEP_2008B   2180008   2009  105.3   91.0  120.0      4   78.00 -150.07   78.00   78.00 -150.07 -150.07     30   1296000     -0.82     -1.24     -0.40      0.25     54.12     53.58     57.19      0.83      1.85      0.00     20.91      1.11
        BGEP  BGEP_2008B   2180009   2009  135.1  121.0  151.0      5   78.00 -150.07   78.00   78.00 -150.07 -150.07     31   1339200     -0.71     -1.20     -0.62      0.11     53.92     53.51     56.73      0.72      1.83      0.00     14.70      1.02
        BGEP  BGEP_2008B   2180010   2009  166.3  152.0  181.0      6   78.00 -150.07   78.00   78.00 -150.07 -150.07     30   1296000     -0.84     -1.34     -0.68      0.19     54.36     53.48     58.62      1.51      1.88      0.00     17.75      1.05
        BGEP  BGEP_2008B   2180011   2009  197.9  182.0  212.0      7   78.00 -150.07   78.00   78.00 -150.07 -150.07     31   1339200     -0.93     -1.56     -0.67      0.27     53.61     53.50     53.85      0.08      1.37      0.00     13.71      0.82
        BGEP  BGEP_2008B   2180012   2009  229.3  213.0  243.0      8   78.00 -150.07   78.00   78.00 -150.07 -150.07     31   1336514     -0.93     -1.42     -0.81      0.14     58.85     53.63     72.57      6.45      0.46      0.00      8.96      0.52
        BGEP  BGEP_2008B   2180013   2009  253.0  244.0  263.0      9   78.00 -150.07   78.00   78.00 -150.07 -150.07     20    849601     -0.94     -1.01     -0.86      0.03     55.46     53.52     66.51      3.57      0.05      0.00      9.20      0.20
        BGEP  BGEP_2008D   2190000   2008  236.1  227.0  244.0      8   74.00 -140.00   74.00   74.00 -140.00 -140.00     18    740349      0.29     -0.47      1.52      0.60     21.01     20.83     21.15      0.09      0.00      0.00      4.32      0.07
        BGEP  BGEP_2008D   2190001   2008  259.1  245.0  274.0      9   74.00 -140.00   74.00   74.00 -140.00 -140.00     30   1296000      0.06     -0.32      1.41      0.43     20.90     20.74     21.06      0.10      0.00      0.00      0.00      0.00
        BGEP  BGEP_2008D   2190002   2008  290.1  275.0  305.0     10   74.00 -140.00   74.00   74.00 -140.00 -140.00     31   1339200     -0.92     -1.36      0.36      0.60     20.80     20.57     21.12      0.15      0.30      0.00      8.33      0.44
        BGEP  BGEP_2008D   2190003   2008  321.0  306.0  335.0     11   74.00 -140.00   74.00   74.00 -140.00 -140.00     30   1296000     -1.22     -1.39     -0.49      0.32     20.66     20.49     20.89      0.11      0.63      0.00     15.36      0.72
        BGEP  BGEP_2008D   2190004   2008  351.4  336.0  366.0     12   74.00 -140.00   74.00   74.00 -140.00 -140.00     31   1339200     -1.26     -1.41     -0.54      0.29     20.42     20.23     20.64      0.12      0.90      0.00     15.34      0.88
        BGEP  BGEP_2008D   2190005   2009   15.8    1.0   31.0      1   74.00 -140.00   74.00   74.00 -140.00 -140.00     31   1339200     -1.43     -1.44     -1.40      0.01     20.34     20.07     20.58      0.12      1.20      0.00     13.90      0.81
        BGEP  BGEP_2008D   2190006   2009   45.0   32.0   59.0      2   74.00 -140.00   74.00   74.00 -140.00 -140.00     28   1209600     -1.45     -1.47     -1.43      0.01     20.17     20.00     20.30      0.08      1.28      0.00     15.17      0.94
        BGEP  BGEP_2008D   2190007   2009   75.6   60.0   90.0      3   74.00 -140.00   74.00   74.00 -140.00 -140.00     31   1339200     -1.51     -1.55     -1.47      0.02     19.98     19.85     20.34      0.11      1.50      0.00     14.95      0.90
        BGEP  BGEP_2008D   2190008   2009  105.3   91.0  120.0      4   74.00 -140.00   74.00   74.00 -140.00 -140.00     30   1296000     -1.54     -1.54     -1.53      0.00     20.01     19.86     20.25      0.09      1.85      0.00     15.15      1.33
        BGEP  BGEP_2008D   2190009   2009  135.1  121.0  151.0      5   74.00 -140.00   74.00   74.00 -140.00 -140.00     31   1339200     -1.51     -1.52     -1.50      0.01     20.07     19.89     20.29      0.09      1.84      0.00     14.97      1.32
        BGEP  BGEP_2008D   2190010   2009  166.3  152.0  181.0      6   74.00 -140.00   74.00   74.00 -140.00 -140.00     30   1296000     -1.42     -1.51     -1.27      0.09     20.04     19.88     20.12      0.06      1.82      0.00     15.04      1.26
        BGEP  BGEP_2008D   2190011   2009  197.9  182.0  212.0      7   74.00 -140.00   74.00   74.00 -140.00 -140.00     31   1339200     -1.19     -1.31     -1.07      0.07     20.01     19.86     20.10      0.06      1.60      0.00     14.83      1.05
        BGEP  BGEP_2008D   2190012   2009  229.3  213.0  243.0      8   74.00 -140.00   74.00   74.00 -140.00 -140.00     31   1338299     -0.96     -1.11     -0.79      0.07     20.05     19.94     20.19      0.06      0.90      0.00     14.26      0.83
        BGEP  BGEP_2008D   2190013   2009  258.3  244.0  273.0      9   74.00 -140.00   74.00   74.00 -140.00 -140.00     30   1296000     -1.06     -1.39     -0.84      0.17     20.00     19.86     20.12      0.08      0.43      0.00      9.04      0.56
        BGEP  BGEP_2008D   2190014   2009  278.4  274.0  283.0     10   74.00 -140.00   74.00   74.00 -140.00 -140.00     10    421191     -1.29     -1.40     -1.10      0.10     19.84     19.73     20.00      0.10      0.54      0.00     14.38      0.68
        BGEP  BGEP_2009A   2200000   2009  289.3  274.0  304.0     10   75.00 -150.00   75.00   75.00 -150.00 -150.00     31   1339200     -0.90     -1.11     -0.60      0.20     59.07     55.86     72.69      4.69      0.45      0.00     26.15      0.41
        BGEP  BGEP_2009A   2200001   2009  320.1  305.0  334.0     11   75.00 -150.00   75.00   75.00 -150.00 -150.00     30   1292211     -0.65     -1.07     -0.55      0.16     60.24     55.49     76.05      6.50      0.60      0.00     26.16      0.60
        BGEP  BGEP_2009A   2200002   2009  349.9  335.0  365.0     12   75.00 -150.00   75.00   75.00 -150.00 -150.00     31   1339200     -0.49     -0.61     -0.25      0.08     55.33     55.16     55.49      0.08      0.96      0.00     13.12      0.82
        BGEP  BGEP_2009A   2200003   2010   15.5    1.0   31.0      1   75.00 -150.00   75.00   75.00 -150.00 -150.00     31   1339200     -0.40     -0.51     -0.28      0.07     55.25     54.94     55.64      0.15      1.20      0.00     26.33      0.97
        BGEP  BGEP_2009A   2200004   2010   45.5   32.0   59.0      2   75.00 -150.00   75.00   75.00 -150.00 -150.00     28   1209600     -0.05     -0.41      0.43      0.26     55.06     54.77     55.66      0.19      1.46      0.00     29.41      1.06
        BGEP  BGEP_2009A   2200005   2010   75.5   60.0   90.0      3   75.00 -150.00   75.00   75.00 -150.00 -150.00     31   1339200      0.06     -0.41      0.55      0.32     54.82     54.65     55.17      0.10      1.62      0.00     29.13      1.12
        BGEP  BGEP_2009A   2200006   2010  104.9   91.0  120.0      4   75.00 -150.00   75.00   75.00 -150.00 -150.00     30   1296000     -0.31     -0.44      0.01      0.12     54.89     54.69     55.33      0.12      1.99      0.00     29.36      1.36
        BGEP  BGEP_2009A   2200007   2010  135.5  121.0  151.0      5   75.00 -150.00   75.00   75.00 -150.00 -150.00     31   1339200     -0.62     -0.93      0.08      0.28     62.00     54.95     73.57      6.81      2.28      0.00     23.77      1.35
        BGEP  BGEP_2009A   2200008   2010  166.9  152.0  181.0      6   75.00 -150.00   75.00   75.00 -150.00 -150.00     30   1296000      0.13     -0.30      0.37      0.14     55.03     54.77     56.76      0.46      2.10      0.00     29.36      1.50
        BGEP  BGEP_2009A   2200009   2010  198.4  182.0  212.0      7   75.00 -150.00   75.00   75.00 -150.00 -150.00     31   1339200      0.02     -0.28      0.25      0.23     57.93     54.64     67.98      4.57      1.32      0.00     29.27      1.17
        BGEP  BGEP_2009A   2200010   2010  228.6  213.0  243.0      8   75.00 -150.00   75.00   75.00 -150.00 -150.00     31   1339200      0.24      0.09      0.28      0.04     54.75     54.65     54.92      0.08      0.59      0.00     14.54      0.98
        BGEP  BGEP_2009A   2200011   2010  256.6  244.0  271.0      9   75.00 -150.00   75.00   75.00 -150.00 -150.00     28   1182220      0.11     -0.20      0.28      0.16     54.82     54.65     55.68      0.20      0.33      0.00     12.79      0.75
        BGEP  BGEP_2009D   2210000   2009  294.9  285.0  304.0     10   73.99 -139.99   73.99   73.99 -139.99 -139.99     20    822937     -0.76     -1.14     -0.38      0.29     26.84     26.64     27.07      0.11      0.64      0.00      8.98      0.67
        BGEP  BGEP_2009D   2210001   2009  320.1  305.0  334.0     11   73.99 -139.99   73.99   73.99 -139.99 -139.99     30   1295995     -1.10     -1.15     -0.84      0.08     26.73     26.58     26.95      0.10      0.81      0.00     13.49      0.70
        BGEP  BGEP_2009D   2210002   2009  349.9  335.0  365.0     12   73.99 -139.99   73.99   73.99 -139.99 -139.99     31   1339189     -1.15     -1.19     -0.91      0.06     26.46     26.18     26.71      0.14      1.14      0.00     18.94      1.00
        BGEP  BGEP_2009D   2210003   2010   16.1    1.0   31.0      1   73.99 -139.99   73.99   73.99 -139.99 -139.99     31   1296000     -1.16     -1.24     -0.69      0.11     26.50     26.22     27.45      0.26      1.39      0.00     20.12      1.04
        BGEP  BGEP_2009D   2210004   2010   45.5   32.0   59.0      2   73.99 -139.99   73.99   73.99 -139.99 -139.99     28   1209595     -1.19     -1.25     -0.86      0.09     26.34     26.05     27.88      0.39      1.52      0.00     16.12      1.08
        BGEP  BGEP_2009D   2210005   2010   75.5   60.0   90.0      3   73.99 -139.99   73.99   73.99 -139.99 -139.99     31   1339195     -1.25     -1.26     -1.24      0.01     26.23     26.04     26.47      0.13      1.85      0.00     15.49      1.29
        BGEP  BGEP_2009D   2210006   2010  104.9   91.0  120.0      4   73.99 -139.99   73.99   73.99 -139.99 -139.99     30   1295994     -1.28     -1.30     -1.26      0.01     26.12     25.96     26.23      0.08      2.15      0.00     21.03      1.70
        BGEP  BGEP_2009D   2210007   2010  135.5  121.0  151.0      5   73.99 -139.99   73.99   73.99 -139.99 -139.99     31   1339195     -1.30     -1.31     -1.28      0.01     25.99     25.93     26.10      0.05      2.83      0.00     21.00      2.14
        BGEP  BGEP_2009D   2210008   2010  166.9  152.0  181.0      6   73.99 -139.99   73.99   73.99 -139.99 -139.99     30   1295995     -1.22     -1.29     -1.14      0.04     26.07     25.95     26.19      0.06      2.73      0.00     21.16      2.20
        BGEP  BGEP_2009D   2210009   2010  198.4  182.0  212.0      7   73.99 -139.99   73.99   73.99 -139.99 -139.99     31   1339194     -1.03     -1.15     -0.93      0.07     26.08     25.97     26.25      0.07      1.69      0.00     19.72      1.63
        BGEP  BGEP_2009D   2210010   2010  228.6  213.0  243.0      8   73.99 -139.99   73.99   73.99 -139.99 -139.99     31   1339195     -0.87     -0.94     -0.81      0.04     25.94     25.80     26.11      0.08      0.57      0.00     10.52      0.86
        BGEP  BGEP_2009D   2210011   2010  257.3  244.0  273.0      9   73.99 -139.99   73.99   73.99 -139.99 -139.99     30   1295994     -0.78     -0.84     -0.71      0.03     25.92     25.74     26.16      0.10      0.25      0.00     12.36      0.60
        BGEP  BGEP_2009D   2210012   2010  278.5  274.0  283.0     10   73.99 -139.99   73.99   73.99 -139.99 -139.99     10    427633     -0.78     -0.92     -0.72      0.05     25.97     25.83     26.19      0.10      0.16      0.00     19.77      0.41
        BGEP  BGEP_2010A   2220000   2010  289.3  274.0  304.0     10   75.00 -149.98   75.00   75.00 -149.98 -149.98     31   1339200     -0.55     -0.70     -0.40      0.10     41.66     41.37     42.73      0.36      0.26      0.00     11.85      0.45
        BGEP  BGEP_2010A   2220001   2010  320.1  305.0  334.0     11   75.00 -149.98   75.00   75.00 -149.98 -149.98     30   1296000     -0.61     -0.68     -0.52      0.04     41.41     41.23     41.55      0.09      0.50      0.00      9.83      0.53
        BGEP  BGEP_2010A   2220002   2010  349.9  335.0  365.0     12   75.00 -149.98   75.00   75.00 -149.98 -149.98     31   1339200     -0.49     -0.54     -0.43      0.02     41.16     40.98     41.45      0.11      0.73      0.00     11.75      0.64
        BGEP  BGEP_2010A   2220003   2011   15.5    1.0   31.0      1   75.00 -149.98   75.00   75.00 -149.98 -149.98     31   1339200     -0.56     -0.69     -0.42      0.07     41.25     40.83     41.55      0.21      1.05      0.00     12.23      0.81
        BGEP  BGEP_2010A   2220004   2011   45.5   32.0   59.0      2   75.00 -149.98   75.00   75.00 -149.98 -149.98     28   1209600     -0.61     -0.82     -0.47      0.07     41.11     40.85     41.28      0.12      1.26      0.00     15.31      0.93
        BGEP  BGEP_2010A   2220005   2011   75.5   60.0   90.0      3   75.00 -149.98   75.00   75.00 -149.98 -149.98     31   1339200     -0.57     -0.64     -0.48      0.05     40.88     40.71     41.04      0.08      1.48      0.00     22.68      1.09
        BGEP  BGEP_2010A   2220006   2011  104.9   91.0  120.0      4   75.00 -149.98   75.00   75.00 -149.98 -149.98     30   1296000     -0.65     -0.79     -0.59      0.05     40.80     40.56     40.98      0.12      1.68      0.00     15.27      1.28
        BGEP  BGEP_2010A   2220007   2011  135.5  121.0  151.0      5   75.00 -149.98   75.00   75.00 -149.98 -149.98     31   1339200     -0.54     -0.67     -0.45      0.06     40.74     40.62     40.89      0.07      1.80      0.00     15.96      1.20
        BGEP  BGEP_2010A   2220008   2011  166.9  152.0  181.0      6   75.00 -149.98   75.00   75.00 -149.98 -149.98     30   1296000     -0.60     -0.79     -0.50      0.07     40.75     40.62     40.97      0.08      1.60      0.00     14.94      1.04
        BGEP  BGEP_2010A   2220009   2011  196.4  182.0  210.0      7   75.00 -149.98   75.00   75.00 -149.98 -149.98     29   1237741     -0.76     -0.86     -0.71      0.04     40.77     40.67     41.01      0.08      1.20      0.00     18.27      1.05
        BGEP  BGEP_2010B   2230000   2010  290.4  277.0  304.0     10   77.99 -149.97   77.99   77.99 -149.97 -149.97     28   1203552     -0.17     -0.37      0.02      0.11     36.68     36.32     38.26      0.51      0.77      0.00     11.91      1.08
        BGEP  BGEP_2010B   2230001   2010  320.1  305.0  334.0     11   77.99 -149.97   77.99   77.99 -149.97 -149.97     30   1296003     -0.26     -0.54      0.02      0.13     37.90     36.33     44.72      3.06      0.78      0.00     11.89      0.81
        BGEP  BGEP_2010B   2230002   2010  348.7  335.0  365.0     12   77.99 -149.97   77.99   77.99 -149.97 -149.97     31   1247647     -0.27     -0.53     -0.00      0.15     45.03     36.10     74.01     11.98      1.11      0.00     14.96      0.91
        BGEP  BGEP_2010B   2230003   2011   16.7    2.0   31.0      1   77.99 -149.97   77.99   77.99 -149.97 -149.97     30   1260800     -0.16     -0.47     -0.02      0.12     39.69     35.99     72.84      9.26      1.25      0.00     16.34      0.96
        BGEP  BGEP_2010B   2230004   2011   45.5   32.0   59.0      2   77.99 -149.97   77.99   77.99 -149.97 -149.97     28   1209602     -0.01     -0.19      0.12      0.09     36.16     35.97     36.46      0.11      1.58      0.00     16.89      1.14
        BGEP  BGEP_2010B   2230005   2011   75.5   60.0   90.0      3   77.99 -149.97   77.99   77.99 -149.97 -149.97     31   1339203      0.06     -0.16      0.26      0.10     37.81     35.88     48.16      3.43      1.71      0.00     15.79      1.25
        BGEP  BGEP_2010B   2230006   2011  104.9   91.0  120.0      4   77.99 -149.97   77.99   77.99 -149.97 -149.97     30   1296003      0.19     -0.13      0.84      0.24     36.00     35.74     36.30      0.16      1.88      0.00     19.23      1.35
        BGEP  BGEP_2010B   2230007   2011  135.5  121.0  151.0      5   77.99 -149.97   77.99   77.99 -149.97 -149.97     31   1339203      0.42     -0.77      0.79      0.42     35.87     35.74     36.02      0.09      2.01      0.00     22.82      1.44
        BGEP  BGEP_2010B   2230008   2011  166.9  152.0  181.0      6   77.99 -149.97   77.99   77.99 -149.97 -149.97     30   1296002     -0.50     -1.01      0.38      0.46     36.15     35.76     37.63      0.51      1.90      0.00     17.45      1.22
        BGEP  BGEP_2010B   2230009   2011  198.4  182.0  212.0      7   77.99 -149.97   77.99   77.99 -149.97 -149.97     31   1339203     -0.65     -0.80     -0.35      0.12     35.91     35.78     36.10      0.09      1.42      0.00     18.36      0.97
        BGEP  BGEP_2010D   2240000   2010  294.5  284.0  304.0     10   74.00 -139.98   74.00   74.00 -139.98 -139.98     21    864795     -1.05     -1.26     -0.54      0.25     22.86     22.73     23.20      0.13      0.47      0.00     11.76      0.65
        BGEP  BGEP_2010D   2240001   2010  320.1  305.0  334.0     11   74.00 -139.98   74.00   74.00 -139.98 -139.98     30   1296008     -1.28     -1.29     -1.27      0.01     22.64     22.46     22.78      0.08      0.68      0.00     11.96      0.71
        BGEP  BGEP_2010D   2240002   2010  349.9  335.0  365.0     12   74.00 -139.98   74.00   74.00 -139.98 -139.98     31   1339208     -1.29     -1.32     -1.29      0.01     22.40     22.24     22.61      0.09      0.90      0.00     13.55      0.83
        BGEP  BGEP_2010D   2240003   2011   15.5    1.0   31.0      1   74.00 -139.98   74.00   74.00 -139.98 -139.98     31   1339208     -1.33     -1.36     -1.28      0.03     22.34     22.11     22.74      0.13      1.73      0.00     17.25      1.73
        BGEP  BGEP_2010D   2240004   2011   45.5   32.0   59.0      2   74.00 -139.98   74.00   74.00 -139.98 -139.98     28   1209608     -1.36     -1.37     -1.34      0.01     22.36     22.12     22.66      0.14      1.30      0.00     14.53      1.02
        BGEP  BGEP_2010D   2240005   2011   75.5   60.0   90.0      3   74.00 -139.98   74.00   74.00 -139.98 -139.98     31   1339208     -1.35     -1.36     -1.32      0.01     22.09     21.90     22.25      0.08      1.89      0.00     15.06      1.53
        BGEP  BGEP_2010D   2240006   2011  104.9   91.0  120.0      4   74.00 -139.98   74.00   74.00 -139.98 -139.98     30   1296008     -1.35     -1.37     -1.33      0.01     22.03     21.79     22.18      0.12      1.76      0.01     14.66      1.11
        BGEP  BGEP_2010D   2240007   2011  135.5  121.0  151.0      5   74.00 -139.98   74.00   74.00 -139.98 -139.98     31   1339208     -1.35     -1.37     -1.30      0.02     21.96     21.82     22.08      0.08      2.23      0.00     16.59      1.52
        BGEP  BGEP_2010D   2240008   2011  166.9  152.0  181.0      6   74.00 -139.98   74.00   74.00 -139.98 -139.98     30   1296008     -1.26     -1.30     -1.15      0.05     22.01     21.88     22.23      0.08      2.02      0.00     17.09      1.54
        BGEP  BGEP_2010D   2240009   2011  198.4  182.0  212.0      7   74.00 -139.98   74.00   74.00 -139.98 -139.98     31   1339208     -1.03     -1.17     -0.85      0.10     22.00     21.90     22.21      0.07      1.42      0.00     17.13      1.28
        BGEP  BGEP_2010D   2240010   2011  217.6  213.0  222.0      8   74.00 -139.98   74.00   74.00 -139.98 -139.98     10    421203     -0.79     -0.85     -0.74      0.04     21.96     21.87     22.01      0.04      0.87      0.00      8.92      0.93
        BGEP  BGEP_2011A   2250001   2011  227.6  213.0  243.0      8   75.00 -149.98   75.00   75.00 -149.98 -149.98     31   1339200     -0.77     -0.86     -0.53      0.10     39.75     39.49     40.16      0.18      0.47      0.00     11.15      0.77
        BGEP  BGEP_2011A   2250002   2011  258.3  244.0  273.0      9   75.00 -149.98   75.00   75.00 -149.98 -149.98     30   1296000     -0.71     -0.81     -0.47      0.08     39.58     39.49     39.69      0.06      0.00      0.00      4.85      0.04
        BGEP  BGEP_2011A   2250003   2011  289.3  274.0  304.0     10   75.00 -149.98   75.00   75.00 -149.98 -149.98     31   1339200     -0.68     -1.03     -0.54      0.12     39.57     39.39     39.74      0.09      0.26      0.00     13.31      0.44
        BGEP  BGEP_2011A   2250004   2011  320.1  305.0  334.0     11   75.00 -149.98   75.00   75.00 -149.98 -149.98     30   1296000     -0.57     -0.68     -0.44      0.08     39.42     39.25     39.56      0.09      0.54      0.00      9.82      0.57
        BGEP  BGEP_2011A   2250005   2011  349.9  335.0  365.0     12   75.00 -149.98   75.00   75.00 -149.98 -149.98     31   1339200     -0.46     -0.70     -0.20      0.12     39.24     39.04     39.39      0.08      0.88      0.00     14.61      0.66
        BGEP  BGEP_2011A   2250006   2012   15.5    1.0   31.0      1   75.00 -149.98   75.00   75.00 -149.98 -149.98     31   1339200     -0.45     -0.68     -0.35      0.07     39.17     38.97     39.40      0.10      1.21      0.00     15.47      0.87
        BGEP  BGEP_2011A   2250007   2012   45.7   32.0   60.0      2   75.00 -149.98   75.00   75.00 -149.98 -149.98     29   1252800     -0.56     -0.89     -0.37      0.16     39.07     38.88     39.38      0.12      1.47      0.00     15.34      0.92
        BGEP  BGEP_2011A   2250008   2012   76.6   61.0   91.0      3   75.00 -149.98   75.00   75.00 -149.98 -149.98     31   1339200     -0.52     -0.66     -0.36      0.08     38.93     38.74     39.15      0.11      1.96      0.00     15.40      1.21
        BGEP  BGEP_2011A   2250009   2012  106.3   92.0  121.0      4   75.00 -149.98   75.00   75.00 -149.98 -149.98     30   1296000     -0.46     -0.68     -0.32      0.10     38.85     38.77     38.96      0.05      1.69      0.00     22.39      1.33
        BGEP  BGEP_2011A   2250010   2012  136.1  122.0  152.0      5   75.00 -149.98   75.00   75.00 -149.98 -149.98     31   1339200     -0.36     -0.52     -0.24      0.09     38.94     38.72     39.08      0.10      1.79      0.00     18.13      1.37
        BGEP  BGEP_2011A   2250011   2012  167.3  153.0  182.0      6   75.00 -149.98   75.00   75.00 -149.98 -149.98     30   1296000     -0.54     -0.72     -0.42      0.08     38.91     38.74     39.08      0.11      1.84      0.00     18.00      1.28
        BGEP  BGEP_2011A   2250012   2012  198.9  183.0  213.0      7   75.00 -149.98   75.00   75.00 -149.98 -149.98     31   1339200     -0.56     -0.70     -0.43      0.09     38.89     38.78     39.11      0.08      0.98      0.00     15.24      0.92
        BGEP  BGEP_2011A   2250013   2012  218.6  214.0  224.0      8   75.00 -149.98   75.00   75.00 -149.98 -149.98     11    458860     -0.63     -0.70     -0.53      0.07     38.90     38.84     38.95      0.04      0.21      0.00      9.14      0.44
        BGEP  BGEP_2011B   2260000   2011  229.3  215.0  243.0      8   78.00 -149.98   78.00   78.00 -149.98 -149.98     29   1213059     -0.18     -1.11      0.73      0.44     38.85     38.60     39.60      0.22      0.54      0.00     11.06      0.71
        BGEP  BGEP_2011B   2260001   2011  258.3  244.0  273.0      9   78.00 -149.98   78.00   78.00 -149.98 -149.98     30   1296000      0.06     -1.03      0.60      0.41     38.80     38.52     40.03      0.34      0.14      0.00      8.06      0.36
        BGEP  BGEP_2011B   2260002   2011  288.9  274.0  304.0     10   78.00 -149.98   78.00   78.00 -149.98 -149.98     28   1051590     -0.07     -1.19      0.58      0.58     45.89     38.60     67.02     10.22      0.32      0.00     24.74      0.39
        BGEP  BGEP_2011B   2260003   2011  320.1  305.0  334.0     11   78.00 -149.98   78.00   78.00 -149.98 -149.98     30   1296000     -0.01     -0.43      0.37      0.18     38.45     38.24     38.72      0.10      0.78      0.00     13.33      0.88
        BGEP  BGEP_2011B   2260004   2011  348.9  335.0  365.0     12   78.00 -149.98   78.00   78.00 -149.98 -149.98     31   1268107     -0.09     -0.51      0.34      0.22     41.85     38.15     66.52      8.46      1.04      0.00     24.41      0.90
        BGEP  BGEP_2011B   2260005   2012   16.0    1.0   31.0      1   78.00 -149.98   78.00   78.00 -149.98 -149.98     30   1253290      0.17     -0.75      0.62      0.30     42.70     38.04     65.82      8.10      1.35      0.00     26.58      1.07
        BGEP  BGEP_2011B   2260006   2012   44.8   32.0   60.0      2   78.00 -149.98   78.00   78.00 -149.98 -149.98     27   1128066     -0.05     -0.98      0.24      0.23     41.79     38.16     64.94      6.84      1.49      0.00     26.98      1.04
        BGEP  BGEP_2011B   2260007   2012   77.4   61.0   91.0      3   78.00 -149.98   78.00   78.00 -149.98 -149.98     28   1175994     -0.09     -1.06      0.27      0.26     40.09     37.73     58.55      4.97      1.69      0.01     28.32      1.14
        BGEP  BGEP_2011B   2260008   2012  106.3   92.0  121.0      4   78.00 -149.98   78.00   78.00 -149.98 -149.98     30   1296000     -0.03     -0.26      0.49      0.16     37.93     37.74     39.12      0.28      2.07      0.00     14.01      1.16
        BGEP  BGEP_2011B   2260009   2012  136.1  122.0  152.0      5   78.00 -149.98   78.00   78.00 -149.98 -149.98     31   1339200     -0.10     -0.90      0.29      0.43     40.28     37.92     42.28      1.74      2.09      0.00     17.96      1.23
        BGEP  BGEP_2011B   2260010   2012  167.3  153.0  182.0      6   78.00 -149.98   78.00   78.00 -149.98 -149.98     30   1296000     -0.70     -1.40      0.14      0.53     38.88     37.82     43.26      1.43      1.95      0.00     16.34      1.02
        BGEP  BGEP_2011B   2260011   2012  198.9  183.0  213.0      7   78.00 -149.98   78.00   78.00 -149.98 -149.98     31   1339200     -0.62     -1.07      0.18      0.42     38.58     37.87     41.58      1.05      1.06      0.00     15.12      0.87
        BGEP  BGEP_2011B   2260012   2012  225.4  214.0  237.0      8   78.00 -149.98   78.00   78.00 -149.98 -149.98     24   1016620     -0.33     -0.81     -0.02      0.22     38.46     37.94     39.83      0.54      0.24      0.00      7.29      0.47
        BGEP  BGEP_2011D   2270000   2011  234.3  225.0  243.0      8   73.99 -139.98   73.99   73.99 -139.98 -139.98     19    782980     -0.99     -1.15      0.49      0.37     31.03     30.75     31.28      0.16      0.61      0.00     14.08      1.12
        BGEP  BGEP_2011D   2270001   2011  258.3  244.0  273.0      9   73.99 -139.98   73.99   73.99 -139.98 -139.98     30   1296000     -0.88     -1.07     -0.64      0.10     30.66     30.50     30.81      0.08      0.63      0.00     14.87      1.15
        BGEP  BGEP_2011D   2270002   2011  289.3  274.0  304.0     10   73.99 -139.98   73.99   73.99 -139.98 -139.98     31   1339200     -0.91     -1.44     -0.63      0.29     30.44     30.30     30.61      0.08      1.04      0.00     18.81      1.50
        BGEP  BGEP_2011D   2270003   2011  320.1  305.0  334.0     11   73.99 -139.98   73.99   73.99 -139.98 -139.98     30   1296000     -0.82     -1.41     -0.63      0.24     30.33     30.14     30.52      0.11      0.95      0.00     18.33      1.22
        BGEP  BGEP_2011D   2270004   2011  349.9  335.0  365.0     12   73.99 -139.98   73.99   73.99 -139.98 -139.98     31   1339200     -0.78     -0.94     -0.72      0.06     30.13     29.95     30.25      0.08      0.93      0.00     13.32      0.78
        BGEP  BGEP_2011D   2270005   2012   15.5    1.0   31.0      1   73.99 -139.98   73.99   73.99 -139.98 -139.98     31   1339200     -1.17     -1.53     -0.81      0.27     30.09     29.92     30.35      0.11      1.38      0.00     14.90      1.00
        BGEP  BGEP_2011D   2270006   2012   45.7   32.0   60.0      2   73.99 -139.98   73.99   73.99 -139.98 -139.98     29   1252800     -1.47     -1.53     -1.00      0.12     29.90     29.73     30.10      0.11      1.66      0.00     16.37      1.06
        BGEP  BGEP_2011D   2270007   2012   76.6   61.0   91.0      3   73.99 -139.98   73.99   73.99 -139.98 -139.98     31   1339200     -1.52     -1.62     -1.30      0.08     29.82     29.63     30.03      0.10      1.54      0.00     15.79      1.05
        BGEP  BGEP_2011D   2270008   2012  106.3   92.0  121.0      4   73.99 -139.98   73.99   73.99 -139.98 -139.98     30   1296000     -1.49     -1.62     -1.10      0.12     29.71     29.62     29.82      0.06      1.86      0.00     22.46      1.21
        BGEP  BGEP_2011D   2270009   2012  136.1  122.0  152.0      5   73.99 -139.98   73.99   73.99 -139.98 -139.98     31   1339200     -1.55     -1.58     -1.51      0.02     29.76     29.57     29.89      0.09      1.99      0.00     17.66      1.22
        BGEP  BGEP_2011D   2270010   2012  167.3  153.0  182.0      6   73.99 -139.98   73.99   73.99 -139.98 -139.98     30   1296000     -1.42     -1.51     -1.35      0.04     29.82     29.65     29.99      0.11      1.97      0.00     17.14      1.34
        BGEP  BGEP_2011D   2270011   2012  198.9  183.0  213.0      7   73.99 -139.98   73.99   73.99 -139.98 -139.98     31   1339200     -1.06     -1.35     -0.84      0.13     29.81     29.68     29.91      0.06      0.94      0.00     22.59      1.01
        BGEP  BGEP_2011D   2270012   2012  224.3  214.0  234.0      8   73.99 -139.98   73.99   73.99 -139.98 -139.98     21    897960     -0.92     -1.00     -0.86      0.04     29.92     29.84     30.08      0.07      0.13      0.00      8.70      0.42
