      Source     Mooring     Index   Year   Yday MinDay MaxDay  Month     Lat     Lon  MinLat  MaxLat  MinLon  MaxLon  Ndays    Nsamps  Avg_temp  Min_temp  Max_temp   SD_temp Avg_depth Min_depth Max_depth  SD_depth Avg_draft Min_draft Max_draft  SD_draft
      BIO_LS        1487  12000000   2003  232.4  219.0  243.0      8   74.20  -90.84   74.20   74.20  -90.84  -90.84     25    982415   -999.00   -999.00   -999.00   -999.00   -999.00   -999.00   -999.00   -999.00      0.63      0.00     16.88      1.15
      BIO_LS        1487  12000001   2003  258.5  244.0  273.0      9   74.20  -90.84   74.20   74.20  -90.84  -90.84     30   1218511   -999.00   -999.00   -999.00   -999.00   -999.00   -999.00   -999.00   -999.00      0.98      0.00     15.72      1.28
      BIO_LS        1487  12000002   2003  289.8  274.0  304.0     10   74.20  -90.84   74.20   74.20  -90.84  -90.84     31   1255917   -999.00   -999.00   -999.00   -999.00   -999.00   -999.00   -999.00   -999.00      1.46      0.00     16.62      1.53
      BIO_LS        1487  12000003   2003  320.5  305.0  334.0     11   74.20  -90.84   74.20   74.20  -90.84  -90.84     30   1284257   -999.00   -999.00   -999.00   -999.00   -999.00   -999.00   -999.00   -999.00      2.00      0.00     17.41      1.69
      BIO_LS        1487  12000004   2003  350.9  335.0  365.0     12   74.20  -90.84   74.20   74.20  -90.84  -90.84     31   1335428   -999.00   -999.00   -999.00   -999.00   -999.00   -999.00   -999.00   -999.00      1.94      0.00     15.29      1.85
      BIO_LS        1487  12000005   2004   16.1    1.0   31.0      1   74.20  -90.84   74.20   74.20  -90.84  -90.84     31   1299492   -999.00   -999.00   -999.00   -999.00   -999.00   -999.00   -999.00   -999.00      2.29      0.00     22.27      2.05
      BIO_LS        1487  12000006   2004   46.3   32.0   60.0      2   74.20  -90.84   74.20   74.20  -90.84  -90.84     29   1288085   -999.00   -999.00   -999.00   -999.00   -999.00   -999.00   -999.00   -999.00      2.07      0.00     16.20      1.69
      BIO_LS        1487  12000007   2004   76.7   61.0   91.0      3   74.20  -90.84   74.20   74.20  -90.84  -90.84     31   1032717   -999.00   -999.00   -999.00   -999.00   -999.00   -999.00   -999.00   -999.00      1.22      0.00     17.61      1.40
      BIO_LS        1487  12000008   2004  107.8   92.0  121.0      4   74.20  -90.84   74.20   74.20  -90.84  -90.84     30   1264335   -999.00   -999.00   -999.00   -999.00   -999.00   -999.00   -999.00   -999.00      1.13      0.00     13.86      1.14
      BIO_LS        1487  12000009   2004  136.6  122.0  152.0      5   74.20  -90.84   74.20   74.20  -90.84  -90.84     31   1320856   -999.00   -999.00   -999.00   -999.00   -999.00   -999.00   -999.00   -999.00      1.28      0.00     16.20      1.36
      BIO_LS        1487  12000010   2004  167.5  153.0  182.0      6   74.20  -90.84   74.20   74.20  -90.84  -90.84     30   1292775   -999.00   -999.00   -999.00   -999.00   -999.00   -999.00   -999.00   -999.00      0.01      0.00      7.15      0.12
      BIO_LS        1487  12000011   2004  198.8  183.0  213.0      7   74.20  -90.84   74.20   74.20  -90.84  -90.84     31   1316745   -999.00   -999.00   -999.00   -999.00   -999.00   -999.00   -999.00   -999.00      0.05      0.00     10.60      0.29
      BIO_LS        1574  12010000   2005  233.3  222.0  243.0      8   74.19  -90.87   74.19   74.19  -90.87  -90.87     22    616442   -999.00   -999.00   -999.00   -999.00   -999.00   -999.00   -999.00   -999.00      0.00      0.00      2.93      0.03
      BIO_LS        1574  12010001   2005  258.9  244.0  273.0      9   74.19  -90.87   74.19   74.19  -90.87  -90.87     30    864000   -999.00   -999.00   -999.00   -999.00   -999.00   -999.00   -999.00   -999.00      0.00      0.00      2.68      0.04
      BIO_LS        1574  12010002   2005  289.7  274.0  304.0     10   74.19  -90.87   74.19   74.19  -90.87  -90.87     30    806357   -999.00   -999.00   -999.00   -999.00   -999.00   -999.00   -999.00   -999.00      0.43      0.00      8.38      0.68
      BIO_LS        1574  12010003   2005  320.0  305.0  334.0     11   74.19  -90.87   74.19   74.19  -90.87  -90.87     30    864000   -999.00   -999.00   -999.00   -999.00   -999.00   -999.00   -999.00   -999.00      1.54      0.00     12.63      1.51
      BIO_LS        1574  12010004   2005  350.9  335.0  365.0     12   74.19  -90.87   74.19   74.19  -90.87  -90.87     31    892800   -999.00   -999.00   -999.00   -999.00   -999.00   -999.00   -999.00   -999.00      1.19      0.00     12.31      1.19
      BIO_LS        1574  12010005   2006   16.9    1.0   31.0      1   74.19  -90.87   74.19   74.19  -90.87  -90.87     31    892800   -999.00   -999.00   -999.00   -999.00   -999.00   -999.00   -999.00   -999.00      0.86      0.00     12.85      0.76
      BIO_LS        1574  12010006   2006   45.7   32.0   59.0      2   74.19  -90.87   74.19   74.19  -90.87  -90.87     28    806400   -999.00   -999.00   -999.00   -999.00   -999.00   -999.00   -999.00   -999.00      0.83      0.50      2.18      0.12
      BIO_LS        1574  12010007   2006   75.6   60.0   90.0      3   74.19  -90.87   74.19   74.19  -90.87  -90.87     31    892800   -999.00   -999.00   -999.00   -999.00   -999.00   -999.00   -999.00   -999.00      1.08      0.78      2.15      0.08
      BIO_LS        1574  12010008   2006  106.8   91.0  120.0      4   74.19  -90.87   74.19   74.19  -90.87  -90.87     30    864000   -999.00   -999.00   -999.00   -999.00   -999.00   -999.00   -999.00   -999.00      1.22      1.01      1.41      0.04
      BIO_LS        1574  12010009   2006  136.3  121.0  151.0      5   74.19  -90.87   74.19   74.19  -90.87  -90.87     31    892799   -999.00   -999.00   -999.00   -999.00   -999.00   -999.00   -999.00   -999.00      1.30      1.08      2.15      0.07
      BIO_LS        1574  12010010   2006  166.3  152.0  181.0      6   74.19  -90.87   74.19   74.19  -90.87  -90.87     30    864000   -999.00   -999.00   -999.00   -999.00   -999.00   -999.00   -999.00   -999.00      1.18      0.00      3.42      0.30
      BIO_LS        1574  12010011   2006  196.8  182.0  211.0      7   74.19  -90.87   74.19   74.19  -90.87  -90.87     30    852659   -999.00   -999.00   -999.00   -999.00   -999.00   -999.00   -999.00   -999.00      0.41      0.00      7.67      0.58
      BIO_LS        1608  12020000   2006  230.4  217.0  243.0      8   74.19  -90.86   74.19   74.19  -90.86  -90.86     23    611447   -999.00   -999.00   -999.00   -999.00   -999.00   -999.00   -999.00   -999.00      0.03      0.00      6.40      0.22
      BIO_LS        1608  12020001   2006  258.9  244.0  273.0      9   74.19  -90.86   74.19   74.19  -90.86  -90.86     30    864000   -999.00   -999.00   -999.00   -999.00   -999.00   -999.00   -999.00   -999.00      0.00      0.00      0.00      0.00
      BIO_LS        1608  12020002   2006  289.5  274.0  304.0     10   74.19  -90.86   74.19   74.19  -90.86  -90.86     31    892800   -999.00   -999.00   -999.00   -999.00   -999.00   -999.00   -999.00   -999.00      0.00      0.00      0.91      0.01
      BIO_LS        1608  12020003   2006  320.1  305.0  334.0     11   74.19  -90.86   74.19   74.19  -90.86  -90.86     30    859105   -999.00   -999.00   -999.00   -999.00   -999.00   -999.00   -999.00   -999.00      0.68      0.00     11.45      0.77
      BIO_LS        1608  12020004   2006  350.9  335.0  365.0     12   74.19  -90.86   74.19   74.19  -90.86  -90.86     31    892800   -999.00   -999.00   -999.00   -999.00   -999.00   -999.00   -999.00   -999.00      1.69      0.00     17.48      1.61
      BIO_LS        1608  12020005   2007   16.9    1.0   31.0      1   74.19  -90.86   74.19   74.19  -90.86  -90.86     31    892800   -999.00   -999.00   -999.00   -999.00   -999.00   -999.00   -999.00   -999.00      1.38      0.00     14.69      1.35
      BIO_LS        1608  12020006   2007   45.7   32.0   59.0      2   74.19  -90.86   74.19   74.19  -90.86  -90.86     28    806400   -999.00   -999.00   -999.00   -999.00   -999.00   -999.00   -999.00   -999.00      1.19      0.00     17.85      1.22
      BIO_LS        1608  12020007   2007   75.6   60.0   90.0      3   74.19  -90.86   74.19   74.19  -90.86  -90.86     31    891569   -999.00   -999.00   -999.00   -999.00   -999.00   -999.00   -999.00   -999.00      0.89      0.02     11.64      0.60
      BIO_LS        1608  12020008   2007  106.5   91.0  120.0      4   74.19  -90.86   74.19   74.19  -90.86  -90.86     30    838922   -999.00   -999.00   -999.00   -999.00   -999.00   -999.00   -999.00   -999.00      0.43      0.00     14.95      0.44
      BIO_LS        1608  12020009   2007  138.1  121.0  151.0      5   74.19  -90.86   74.19   74.19  -90.86  -90.86     29    576396   -999.00   -999.00   -999.00   -999.00   -999.00   -999.00   -999.00   -999.00      0.08      0.00      5.69      0.22
      BIO_LS        1608  12020010   2007  166.3  152.0  181.0      6   74.19  -90.86   74.19   74.19  -90.86  -90.86     30    863719   -999.00   -999.00   -999.00   -999.00   -999.00   -999.00   -999.00   -999.00      0.18      0.00      8.48      0.40
      BIO_LS        1608  12020011   2007  195.8  182.0  209.0      7   74.19  -90.86   74.19   74.19  -90.86  -90.86     28    777623   -999.00   -999.00   -999.00   -999.00   -999.00   -999.00   -999.00   -999.00      0.02      0.00      4.87      0.12
