      Source     Mooring     Index   Year   Yday MinDay MaxDay  Month     Lat     Lon  MinLat  MaxLat  MinLon  MaxLon  Ndays    Nsamps  Avg_temp  Min_temp  Max_temp   SD_temp Avg_depth Min_depth Max_depth  SD_depth Avg_draft Min_draft Max_draft  SD_draft
    Davis_St     C1-2005  14000000   2005  322.6  310.0  334.0     11   66.69  -60.78   66.69   66.69  -60.78  -60.78     25      4594   -999.00   -999.00   -999.00   -999.00     91.48     89.66    100.55      1.17      0.44      0.00      7.26      0.55
    Davis_St     C1-2005  14000001   2005  350.7  335.0  365.0     12   66.69  -60.78   66.69   66.69  -60.78  -60.78     31      7632   -999.00   -999.00   -999.00   -999.00     91.80     89.70    106.03      1.75      0.95      0.00     17.12      1.23
    Davis_St     C1-2005  14000002   2006   16.3    1.0   31.0      1   66.69  -60.78   66.69   66.69  -60.78  -60.78     31      7607   -999.00   -999.00   -999.00   -999.00     91.65     89.54    106.05      1.58      1.60      0.00     15.61      1.83
    Davis_St     C1-2005  14000003   2006   46.2   32.0   59.0      2   66.69  -60.78   66.69   66.69  -60.78  -60.78     28      6963   -999.00   -999.00   -999.00   -999.00     91.59     89.38    105.34      1.62      2.06      0.00     17.66      2.50
    Davis_St     C1-2005  14000004   2006   75.4   60.0   90.0      3   66.69  -60.78   66.69   66.69  -60.78  -60.78     31      8001   -999.00   -999.00   -999.00   -999.00     91.69     89.34    106.54      1.95      2.29      0.00     17.42      2.55
    Davis_St     C1-2005  14000005   2006  106.1   91.0  120.0      4   66.69  -60.78   66.69   66.69  -60.78  -60.78     30      7627   -999.00   -999.00   -999.00   -999.00     91.80     89.58    108.55      2.13      1.78      0.00     18.41      2.16
    Davis_St     C1-2005  14000006   2006  136.5  121.0  151.0      5   66.69  -60.78   66.69   66.69  -60.78  -60.78     31      8108   -999.00   -999.00   -999.00   -999.00     91.71     89.67    110.50      2.15      2.11      0.00     17.51      2.59
    Davis_St     C1-2005  14000007   2006  166.9  152.0  181.0      6   66.69  -60.78   66.69   66.69  -60.78  -60.78     30      7838   -999.00   -999.00   -999.00   -999.00     91.60     89.75    102.32      1.65      1.26      0.00     16.33      1.80
    Davis_St     C1-2005  14000008   2006  197.0  182.0  212.0      7   66.69  -60.78   66.69   66.69  -60.78  -60.78     31      7557   -999.00   -999.00   -999.00   -999.00     91.83     89.62    115.50      2.54      0.71      0.00     15.89      1.50
    Davis_St     C1-2005  14000009   2006  224.3  213.0  235.0      8   66.69  -60.78   66.69   66.69  -60.78  -60.78     23      4200   -999.00   -999.00   -999.00   -999.00     91.66     89.37    105.91      1.77      0.26      0.00     17.44      0.62
    Davis_St     C2-2006  14010000   2006  297.2  289.0  304.0     10   66.76  -60.07   66.76   66.76  -60.07  -60.07     16      4127   -999.00   -999.00   -999.00   -999.00     84.35     82.51     90.67      1.27      0.00      0.00      0.00      0.00
    Davis_St     C2-2006  14010001   2006  319.0  305.0  334.0     11   66.76  -60.07   66.76   66.76  -60.07  -60.07     30      7217   -999.00   -999.00   -999.00   -999.00     84.34     82.28     93.96      1.79      0.02      0.00      1.00      0.07
    Davis_St     C2-2006  14010002   2006  349.6  335.0  365.0     12   66.76  -60.07   66.76   66.76  -60.07  -60.07     31      4256   -999.00   -999.00   -999.00   -999.00     84.24     82.40     92.40      1.43      0.26      0.00     18.78      0.58
    Davis_St     C2-2006  14010003   2007   16.7    1.0   31.0      1   66.76  -60.07   66.76   66.76  -60.07  -60.07     31      5593   -999.00   -999.00   -999.00   -999.00     84.48     82.22    106.19      2.21      0.77      0.00     13.30      1.09
    Davis_St     C2-2006  14010004   2007   46.3   32.0   59.0      2   66.76  -60.07   66.76   66.76  -60.07  -60.07     28      5735   -999.00   -999.00   -999.00   -999.00     84.15     82.04    103.57      1.94      0.89      0.00     19.40      1.20
    Davis_St     C2-2006  14010005   2007   75.3   60.0   90.0      3   66.76  -60.07   66.76   66.76  -60.07  -60.07     31      6215   -999.00   -999.00   -999.00   -999.00     84.03     81.82     99.08      1.94      1.16      0.00     16.99      1.50
    Davis_St     C2-2006  14010006   2007  106.0   91.0  120.0      4   66.76  -60.07   66.76   66.76  -60.07  -60.07     30      6182   -999.00   -999.00   -999.00   -999.00     83.71     81.65     95.35      1.33      1.60      0.00     18.73      2.15
    Davis_St     C2-2006  14010007   2007  136.9  121.0  151.0      5   66.76  -60.07   66.76   66.76  -60.07  -60.07     31      7051   -999.00   -999.00   -999.00   -999.00     83.81     81.92     98.64      1.50      1.51      0.00     19.29      2.28
    Davis_St     C2-2006  14010008   2007  167.2  152.0  181.0      6   66.76  -60.07   66.76   66.76  -60.07  -60.07     30      7548   -999.00   -999.00   -999.00   -999.00     83.96     82.06     99.92      2.05      0.78      0.00     19.00      1.54
    Davis_St     C2-2006  14010009   2007  197.6  182.0  212.0      7   66.76  -60.07   66.76   66.76  -60.07  -60.07     31      7931   -999.00   -999.00   -999.00   -999.00     84.08     82.11    100.36      2.22      0.88      0.00     18.98      1.77
    Davis_St     C2-2006  14010010   2007  228.5  213.0  243.0      8   66.76  -60.07   66.76   66.76  -60.07  -60.07     31      8105   -999.00   -999.00   -999.00   -999.00     84.01     81.97     96.04      1.82      0.02      0.00     19.30      0.38
    Davis_St     C2-2007  14020000   2007  297.6  290.0  304.0     10   66.76  -60.07   66.76   66.76  -60.07  -60.07     15      7097   -999.00   -999.00   -999.00   -999.00     82.42     80.52     87.22      1.05      0.00      0.00      0.00      0.00
    Davis_St     C2-2007  14020001   2007  319.8  305.0  334.0     11   66.76  -60.07   66.76   66.76  -60.07  -60.07     30     13652   -999.00   -999.00   -999.00   -999.00     81.96     80.27     87.28      0.86      0.23      0.00     19.36      0.68
    Davis_St     C2-2007  14020002   2007  350.5  335.0  365.0     12   66.76  -60.07   66.76   66.76  -60.07  -60.07     31     14743   -999.00   -999.00   -999.00   -999.00     82.10     80.47     88.39      0.91      0.98      0.00     20.31      1.40
    Davis_St     C2-2007  14020003   2008   16.5    1.0   31.0      1   66.76  -60.07   66.76   66.76  -60.07  -60.07     31     14747   -999.00   -999.00   -999.00   -999.00     82.01     80.50     89.60      0.95      2.03      0.00     18.33      2.35
    Davis_St     C2-2007  14020004   2008   46.5   32.0   60.0      2   66.76  -60.07   66.76   66.76  -60.07  -60.07     29     13824   -999.00   -999.00   -999.00   -999.00     81.91     80.31     85.50      0.81      2.48      0.00     19.59      2.73
    Davis_St     C2-2007  14020005   2008   76.5   61.0   91.0      3   66.76  -60.07   66.76   66.76  -60.07  -60.07     31     14795   -999.00   -999.00   -999.00   -999.00     81.69     80.29     85.28      0.70      2.17      0.00     20.64      2.49
    Davis_St     C2-2007  14020006   2008  107.0   92.0  121.0      4   66.76  -60.07   66.76   66.76  -60.07  -60.07     30     14188   -999.00   -999.00   -999.00   -999.00     81.61     80.00     85.25      0.72      2.14      0.00     19.46      2.67
    Davis_St     C2-2007  14020007   2008  137.5  122.0  152.0      5   66.76  -60.07   66.76   66.76  -60.07  -60.07     31     14818   -999.00   -999.00   -999.00   -999.00     81.63     80.13     86.36      0.77      2.38      0.00     19.36      2.68
    Davis_St     C2-2007  14020008   2008  167.9  153.0  182.0      6   66.76  -60.07   66.76   66.76  -60.07  -60.07     30     14239   -999.00   -999.00   -999.00   -999.00     81.67     80.15     88.16      0.91      1.05      0.00     19.52      2.27
    Davis_St     C2-2007  14020009   2008  198.8  183.0  213.0      7   66.76  -60.07   66.76   66.76  -60.07  -60.07     31     14147   -999.00   -999.00   -999.00   -999.00     81.71     80.13     85.76      0.86      0.08      0.00     19.29      0.54
    Davis_St     C2-2007  14020010   2008  229.5  214.0  244.0      8   66.76  -60.07   66.76   66.76  -60.07  -60.07     31     14873   -999.00   -999.00   -999.00   -999.00     81.80     80.04     88.22      1.09      0.00      0.00      0.00      0.00
    Davis_St     C4-2006  14030000   2006  298.1  291.0  304.0     10   66.98  -57.68   66.98   66.98  -57.68  -57.68     14      3676   -999.00   -999.00   -999.00   -999.00     82.74     81.26     85.03      0.71      0.00      0.00      0.00      0.00
    Davis_St     C4-2006  14030001   2006  320.0  305.0  334.0     11   66.98  -57.68   66.98   66.98  -57.68  -57.68     30      7923   -999.00   -999.00   -999.00   -999.00     82.89     80.89     93.77      1.43      0.00      0.00      0.00      0.00
    Davis_St     C4-2006  14030002   2006  350.8  335.0  365.0     12   66.98  -57.68   66.98   66.98  -57.68  -57.68     31      7289   -999.00   -999.00   -999.00   -999.00     82.89     81.12     90.20      1.19      0.23      0.00     19.20      0.53
    Davis_St     C4-2006  14030003   2007   16.1    1.0   31.0      1   66.98  -57.68   66.98   66.98  -57.68  -57.68     31      7327   -999.00   -999.00   -999.00   -999.00     82.66     80.35     92.66      1.20      0.52      0.00     20.44      0.61
    Davis_St     C4-2006  14030004   2007   46.1   32.0   59.0      2   66.98  -57.68   66.98   66.98  -57.68  -57.68     28      7281   -999.00   -999.00   -999.00   -999.00     82.52     80.69     86.50      0.93      0.66      0.00     20.31      0.80
    Davis_St     C4-2006  14030005   2007   75.5   60.0   90.0      3   66.98  -57.68   66.98   66.98  -57.68  -57.68     31      8124   -999.00   -999.00   -999.00   -999.00     82.84     80.48    112.03      2.40      0.77      0.00     19.41      0.82
    Davis_St     C4-2006  14030006   2007  106.0   91.0  120.0      4   66.98  -57.68   66.98   66.98  -57.68  -57.68     30      7956   -999.00   -999.00   -999.00   -999.00     82.27     80.31     91.73      0.99      0.81      0.00     20.14      0.79
    Davis_St     C4-2006  14030007   2007  136.5  121.0  151.0      5   66.98  -57.68   66.98   66.98  -57.68  -57.68     31      8233   -999.00   -999.00   -999.00   -999.00     82.31     80.63     86.89      0.95      0.83      0.00     20.55      0.87
    Davis_St     C4-2006  14030008   2007  167.1  152.0  181.0      6   66.98  -57.68   66.98   66.98  -57.68  -57.68     30      7868   -999.00   -999.00   -999.00   -999.00     82.26     80.71     89.08      0.93      0.64      0.00     19.93      1.20
    Davis_St     C4-2006  14030009   2007  197.2  182.0  212.0      7   66.98  -57.68   66.98   66.98  -57.68  -57.68     31      7603   -999.00   -999.00   -999.00   -999.00     82.24     80.83     85.55      0.75      0.28      0.00     17.81      0.85
    Davis_St     C4-2006  14030010   2007  228.5  213.0  243.0      8   66.98  -57.68   66.98   66.98  -57.68  -57.68     31      8228   -999.00   -999.00   -999.00   -999.00     82.28     80.70     87.50      0.86      0.08      0.00     19.70      0.69
    Davis_St     C4-2006  14030011   2007  259.0  244.0  273.0      9   66.98  -57.68   66.98   66.98  -57.68  -57.68     30      7944   -999.00   -999.00   -999.00   -999.00     82.39     80.41     91.47      1.04      0.00      0.00      0.00      0.00
    Davis_St     C4-2007  14040000   2007  296.9  289.0  304.0     10   66.98  -57.69   66.98   66.98  -57.69  -57.69     16      4240   -999.00   -999.00   -999.00   -999.00     81.44     79.53     84.21      0.82      0.00      0.00      0.00      0.00
    Davis_St     C4-2007  14040001   2007  320.0  305.0  334.0     11   66.98  -57.69   66.98   66.98  -57.69  -57.69     30      8245   -999.00   -999.00   -999.00   -999.00     81.04     79.26     87.20      0.77      0.00      0.00      0.00      0.00
    Davis_St     C4-2007  14040002   2007  350.5  335.0  365.0     12   66.98  -57.69   66.98   66.98  -57.69  -57.69     31      7865   -999.00   -999.00   -999.00   -999.00     80.93     79.40     84.14      0.70      0.31      0.00     18.23      0.59
    Davis_St     C4-2007  14040003   2008   16.5    1.0   31.0      1   66.98  -57.69   66.98   66.98  -57.69  -57.69     31      8590   -999.00   -999.00   -999.00   -999.00     80.81     79.43     83.32      0.69      0.63      0.00     15.26      0.75
    Davis_St     C4-2007  14040004   2008   46.3   32.0   60.0      2   66.98  -57.69   66.98   66.98  -57.69  -57.69     29      7829   -999.00   -999.00   -999.00   -999.00     80.79     79.31     83.26      0.69      0.86      0.00      7.76      0.78
    Davis_St     C4-2007  14040005   2008   76.5   61.0   91.0      3   66.98  -57.69   66.98   66.98  -57.69  -57.69     31      8340   -999.00   -999.00   -999.00   -999.00     80.69     79.22     83.91      0.70      0.79      0.00      8.83      0.66
    Davis_St     C4-2007  14040006   2008  107.3   92.0  121.0      4   66.98  -57.69   66.98   66.98  -57.69  -57.69     30      8253   -999.00   -999.00   -999.00   -999.00     80.59     78.91     83.04      0.68      0.87      0.00     15.99      0.80
    Davis_St     C4-2007  14040007   2008  137.3  122.0  152.0      5   66.98  -57.69   66.98   66.98  -57.69  -57.69     31      8598   -999.00   -999.00   -999.00   -999.00     80.61     79.04     83.85      0.69      0.60      0.00     20.79      0.66
    Davis_St     C4-2007  14040008   2008  168.3  153.0  182.0      6   66.98  -57.69   66.98   66.98  -57.69  -57.69     30      8233   -999.00   -999.00   -999.00   -999.00     80.57     79.09     83.22      0.68      0.59      0.00     17.95      1.16
    Davis_St     C4-2007  14040009   2008  198.5  183.0  213.0      7   66.98  -57.69   66.98   66.98  -57.69  -57.69     31      8916   -999.00   -999.00   -999.00   -999.00     80.59     79.09     83.16      0.68      0.00      0.00      0.00      0.00
    Davis_St     C4-2007  14040010   2008  229.5  214.0  244.0      8   66.98  -57.69   66.98   66.98  -57.69  -57.69     31      8928   -999.00   -999.00   -999.00   -999.00     80.58     79.04     82.42      0.68      0.00      0.00      0.00      0.00
    Davis_St     C6-2006  14050000   2006  298.0  290.0  304.0     10   67.07  -56.68   67.07   67.07  -56.68  -56.68     15      3743   -999.00   -999.00   -999.00   -999.00     86.45     85.09     87.97      0.67      0.00      0.00      0.00      0.00
    Davis_St     C6-2006  14050001   2006  320.0  305.0  334.0     11   67.07  -56.68   67.07   67.07  -56.68  -56.68     30      7980   -999.00   -999.00   -999.00   -999.00     86.38     84.83     89.47      0.74      0.00      0.00      0.00      0.00
    Davis_St     C6-2006  14050002   2006  350.0  335.0  365.0     12   67.07  -56.68   67.07   67.07  -56.68  -56.68     31      7919   -999.00   -999.00   -999.00   -999.00     86.42     85.07     88.36      0.67      0.03      0.00      1.07      0.10
    Davis_St     C6-2006  14050003   2007   16.3    1.0   31.0      1   67.07  -56.68   67.07   67.07  -56.68  -56.68     31      6599   -999.00   -999.00   -999.00   -999.00     86.52     84.85     91.56      0.93      0.34      0.00     16.55      0.41
    Davis_St     C6-2006  14050004   2007   46.5   32.0   59.0      2   67.07  -56.68   67.07   67.07  -56.68  -56.68     28      6582   -999.00   -999.00   -999.00   -999.00     86.38     84.48     89.02      0.74      0.32      0.00     17.09      0.40
    Davis_St     C6-2006  14050005   2007   75.3   60.0   90.0      3   67.07  -56.68   67.07   67.07  -56.68  -56.68     31      7622   -999.00   -999.00   -999.00   -999.00     86.26     84.56     90.60      0.76      0.44      0.00     16.23      0.54
    Davis_St     C6-2006  14050006   2007  106.1   91.0  120.0      4   67.07  -56.68   67.07   67.07  -56.68  -56.68     30      7844   -999.00   -999.00   -999.00   -999.00     86.11     84.33     87.64      0.66      0.48      0.00      7.43      0.43
    Davis_St     C6-2006  14050007   2007  136.2  121.0  151.0      5   67.07  -56.68   67.07   67.07  -56.68  -56.68     31      7884   -999.00   -999.00   -999.00   -999.00     86.31     84.70     91.69      0.88      0.34      0.00     17.35      0.60
    Davis_St     C6-2006  14050008   2007  167.4  152.0  181.0      6   67.07  -56.68   67.07   67.07  -56.68  -56.68     30      7335   -999.00   -999.00   -999.00   -999.00     86.31     84.78     89.90      0.82      0.19      0.00     16.57      0.59
    Davis_St     C6-2006  14050009   2007  197.5  182.0  212.0      7   67.07  -56.68   67.07   67.07  -56.68  -56.68     31      8244   -999.00   -999.00   -999.00   -999.00     86.38     84.94     89.38      0.83      0.00      0.00      2.90      0.04
    Davis_St     C6-2006  14050010   2007  228.5  213.0  243.0      8   67.07  -56.68   67.07   67.07  -56.68  -56.68     31      8246   -999.00   -999.00   -999.00   -999.00     86.31     84.78     88.43      0.75      0.00      0.00      0.00      0.00
    Davis_St     C6-2006  14050011   2007  254.0  244.0  264.0      9   67.07  -56.68   67.07   67.07  -56.68  -56.68     21      5314   -999.00   -999.00   -999.00   -999.00     86.37     84.72     89.80      0.78      0.00      0.00      0.00      0.00
