      Source     Mooring     Index   Year   Yday MinDay MaxDay  Month     Lat     Lon  MinLat  MaxLat  MinLon  MaxLon  Ndays    Nsamps  Avg_temp  Min_temp  Max_temp   SD_temp Avg_depth Min_depth Max_depth  SD_depth Avg_draft Min_draft Max_draft  SD_draft
     IOS-CHK    AIM-2003   4000000   2003  237.5  231.0  243.0      8   75.10 -168.00   75.10   75.10 -168.00 -168.00     13    561459   -999.00   -999.00   -999.00   -999.00   -999.00   -999.00   -999.00   -999.00      0.06      0.00     11.39      0.35
     IOS-CHK    AIM-2003   4000001   2003  258.7  244.0  273.0      9   75.10 -168.00   75.10   75.10 -168.00 -168.00     30   1296020   -999.00   -999.00   -999.00   -999.00   -999.00   -999.00   -999.00   -999.00      0.03      0.00      9.41      0.26
     IOS-CHK    AIM-2003   4000002   2003  289.4  274.0  304.0     10   75.10 -168.00   75.10   75.10 -168.00 -168.00     31   1339222   -999.00   -999.00   -999.00   -999.00   -999.00   -999.00   -999.00   -999.00      0.32      0.00      7.94      0.34
     IOS-CHK    AIM-2003   4000003   2003  320.6  305.0  334.0     11   75.10 -168.00   75.10   75.10 -168.00 -168.00     30   1296020   -999.00   -999.00   -999.00   -999.00   -999.00   -999.00   -999.00   -999.00      0.52      0.00     10.45      0.43
     IOS-CHK    AIM-2003   4000004   2003  350.9  335.0  365.0     12   75.10 -168.00   75.10   75.10 -168.00 -168.00     31   1339175   -999.00   -999.00   -999.00   -999.00   -999.00   -999.00   -999.00   -999.00      0.88      0.00     16.95      0.76
     IOS-CHK    AIM-2003   4000005   2004   16.5    1.0   31.0      1   75.10 -168.00   75.10   75.10 -168.00 -168.00     31    669610   -999.00   -999.00   -999.00   -999.00   -999.00   -999.00   -999.00   -999.00      1.45      0.00     16.64      1.52
     IOS-CHK    AIM-2003   4000006   2004   46.5   32.0   60.0      2   75.10 -168.00   75.10   75.10 -168.00 -168.00     29    626411   -999.00   -999.00   -999.00   -999.00   -999.00   -999.00   -999.00   -999.00      1.59      0.03     16.23      1.50
     IOS-CHK    AIM-2003   4000007   2004   76.5   61.0   91.0      3   75.10 -168.00   75.10   75.10 -168.00 -168.00     31    669610   -999.00   -999.00   -999.00   -999.00   -999.00   -999.00   -999.00   -999.00      2.08      0.07     18.73      1.64
     IOS-CHK    AIM-2003   4000008   2004  107.0   92.0  121.0      4   75.10 -168.00   75.10   75.10 -168.00 -168.00     30    648011   -999.00   -999.00   -999.00   -999.00   -999.00   -999.00   -999.00   -999.00      1.80      0.00     22.81      1.03
     IOS-CHK    AIM-2003   4000009   2004  138.0  122.0  152.0      5   75.10 -168.00   75.10   75.10 -168.00 -168.00     31    892362   -999.00   -999.00   -999.00   -999.00   -999.00   -999.00   -999.00   -999.00      1.98      0.00     22.83      1.36
     IOS-CHK    AIM-2003   4000010   2004  167.4  153.0  182.0      6   75.10 -168.00   75.10   75.10 -168.00 -168.00     30    864014   -999.00   -999.00   -999.00   -999.00   -999.00   -999.00   -999.00   -999.00      1.88      0.00     17.79      1.28
     IOS-CHK    AIM-2003   4000011   2004  198.0  183.0  213.0      7   75.10 -168.00   75.10   75.10 -168.00 -168.00     31    892814   -999.00   -999.00   -999.00   -999.00   -999.00   -999.00   -999.00   -999.00      1.09      0.00     15.55      1.04
     IOS-CHK    AIM-2003   4000012   2004  229.1  214.0  244.0      8   75.10 -168.00   75.10   75.10 -168.00 -168.00     31    892815   -999.00   -999.00   -999.00   -999.00   -999.00   -999.00   -999.00   -999.00      0.25      0.00     19.01      0.94
     IOS-CHK    AIM-2004   4010000   2004  269.5  263.0  274.0      9   75.10 -168.00   75.10   75.10 -168.00 -168.00     12    477651   -999.00   -999.00   -999.00   -999.00   -999.00   -999.00   -999.00   -999.00      0.00      0.00      0.00      0.00
     IOS-CHK    AIM-2004   4010001   2004  290.2  275.0  305.0     10   75.10 -168.00   75.10   75.10 -168.00 -168.00     31   1339188   -999.00   -999.00   -999.00   -999.00   -999.00   -999.00   -999.00   -999.00      0.07      0.00      5.22      0.16
     IOS-CHK    AIM-2004   4010002   2004  321.1  306.0  335.0     11   75.10 -168.00   75.10   75.10 -168.00 -168.00     30   1295989   -999.00   -999.00   -999.00   -999.00   -999.00   -999.00   -999.00   -999.00      0.60      0.00     12.23      0.60
     IOS-CHK    AIM-2004   4010003   2004  352.5  336.0  366.0     12   75.10 -168.00   75.10   75.10 -168.00 -168.00     31   1339188   -999.00   -999.00   -999.00   -999.00   -999.00   -999.00   -999.00   -999.00      0.98      0.00     13.40      0.80
     IOS-CHK    AIM-2004   4010004   2005   16.4    1.0   31.0      1   75.10 -168.00   75.10   75.10 -168.00 -168.00     31    669617   -999.00   -999.00   -999.00   -999.00   -999.00   -999.00   -999.00   -999.00      1.45      0.00     16.99      1.11
     IOS-CHK    AIM-2004   4010005   2005   46.0   32.0   59.0      2   75.10 -168.00   75.10   75.10 -168.00 -168.00     28    604794   -999.00   -999.00   -999.00   -999.00   -999.00   -999.00   -999.00   -999.00      2.11      0.01     18.92      2.04
     IOS-CHK    AIM-2004   4010006   2005   75.5   60.0   90.0      3   75.10 -168.00   75.10   75.10 -168.00 -168.00     31    669594   -999.00   -999.00   -999.00   -999.00   -999.00   -999.00   -999.00   -999.00      2.14      0.04     20.78      1.48
     IOS-CHK    AIM-2004   4010007   2005  106.0   91.0  120.0      4   75.10 -168.00   75.10   75.10 -168.00 -168.00     30    647995   -999.00   -999.00   -999.00   -999.00   -999.00   -999.00   -999.00   -999.00      2.31      0.00     21.00      1.49
     IOS-CHK    AIM-2004   4010008   2005  137.0  121.0  151.0      5   75.10 -168.00   75.10   75.10 -168.00 -168.00     31    892775   -999.00   -999.00   -999.00   -999.00   -999.00   -999.00   -999.00   -999.00      2.50      0.00     21.86      1.76
     IOS-CHK    AIM-2004   4010009   2005  166.4  152.0  181.0      6   75.10 -168.00   75.10   75.10 -168.00 -168.00     30    863993   -999.00   -999.00   -999.00   -999.00   -999.00   -999.00   -999.00   -999.00      2.38      0.00     16.97      1.54
     IOS-CHK    AIM-2004   4010010   2005  197.0  182.0  212.0      7   75.10 -168.00   75.10   75.10 -168.00 -168.00     31    892792   -999.00   -999.00   -999.00   -999.00   -999.00   -999.00   -999.00   -999.00      1.53      0.00     14.41      1.18
     IOS-CHK    AIM-2004   4010011   2005  228.1  213.0  243.0      8   75.10 -168.00   75.10   75.10 -168.00 -168.00     31    892792   -999.00   -999.00   -999.00   -999.00   -999.00   -999.00   -999.00   -999.00      0.83      0.00     18.25      1.02
     IOS-CHK    AIM-2004   4010012   2005  259.6  244.0  273.0      9   75.10 -168.00   75.10   75.10 -168.00 -168.00     30   1295941   -999.00   -999.00   -999.00   -999.00   -999.00   -999.00   -999.00   -999.00      0.28      0.00     11.60      0.78
