      Source      Cruise     Index   Year   Yday MinDay MaxDay  Month     Lat     Lon  MinLat  MaxLat  MinLon  MaxLon Length    Nsamps  Avg_none  Min_none  Max_none   SD_none  Avg_none  Min_none  Max_none   SD_none Avg_draft Min_draft Max_draft  SD_draft
    UKSUB-DG        UK76   8000000   1976   98.4   98.3   98.4      4   70.83 -144.22   70.59   71.06 -144.22 -144.22     50     49997   -999.00   -999.00   -999.00   -999.00   -999.00   -999.00   -999.00     -1.00      5.07      0.39     22.80      3.09
    UKSUB-DG        UK76   8000001   1976   98.5   98.4   98.6      4   71.29 -144.23   71.06   71.52 -144.23 -144.22     50     49997   -999.00   -999.00   -999.00   -999.00   -999.00   -999.00   -999.00     -1.00      4.22      0.34     27.67      2.77
    UKSUB-DG        UK76   8000002   1976   98.6   98.6   98.7      4   71.74 -144.24   71.52   71.97 -144.24 -144.23     50     49997   -999.00   -999.00   -999.00   -999.00   -999.00   -999.00   -999.00     -1.00      3.77      0.76     20.43      2.29
    UKSUB-DG        UK76   8000003   1976   98.7   98.7   98.8      4   72.20 -144.24   71.97   72.42 -144.25 -144.24     50     49997   -999.00   -999.00   -999.00   -999.00   -999.00   -999.00   -999.00     -1.00      4.13      0.21     19.40      2.05
    UKSUB-DG        UK76   8000004   1976   98.8   98.8   98.9      4   72.65 -144.27   72.42   72.87 -144.29 -144.25     50     49997   -999.00   -999.00   -999.00   -999.00   -999.00   -999.00   -999.00     -1.00      3.99      0.19     21.06      2.20
    UKSUB-DG        UK76   8000005   1976   99.0   98.9   99.0      4   73.10 -144.30   72.87   73.33 -144.30 -144.29     50     49997   -999.00   -999.00   -999.00   -999.00   -999.00   -999.00   -999.00     -1.00      3.47      0.20     22.19      2.20
    UKSUB-DG        UK76   8000006   1976   99.1   99.0   99.1      4   73.57 -144.32   73.33   73.81 -144.33 -144.30     50     49997   -999.00   -999.00   -999.00   -999.00   -999.00   -999.00   -999.00     -1.00      3.19      0.21     19.54      2.20
    UKSUB-DG        UK76   8000007   1976   99.2   99.1   99.2      4   74.04 -144.35   73.81   74.28 -144.37 -144.33     50     49997   -999.00   -999.00   -999.00   -999.00   -999.00   -999.00   -999.00     -1.00      3.39      0.24     20.23      1.88
    UKSUB-DG        UK76   8000008   1976   99.3   99.2   99.4      4   74.50 -144.37   74.28   74.73 -144.38 -144.37     50     49997   -999.00   -999.00   -999.00   -999.00   -999.00   -999.00   -999.00     -1.00      3.61      0.34     19.50      2.04
    UKSUB-DG        UK76   8000009   1976   99.4   99.4   99.5      4   74.93 -144.37   74.73   75.14 -144.38 -144.37     50     49997   -999.00   -999.00   -999.00   -999.00   -999.00   -999.00   -999.00     -1.00      3.48      0.16     16.65      1.89
    UKSUB-DG        UK76   8000010   1976   99.6   99.5   99.7      4   75.20 -143.86   75.14   75.26 -144.37 -143.35     50     49997   -999.00   -999.00   -999.00   -999.00   -999.00   -999.00   -999.00     -1.00      3.39      0.21     22.23      1.87
    UKSUB-DG        UK76   8000011   1976   99.7   99.7   99.8      4   75.07 -143.08   74.87   75.26 -143.35 -142.81     50     49997   -999.00   -999.00   -999.00   -999.00   -999.00   -999.00   -999.00     -1.00      3.67      0.16     23.18      2.07
    UKSUB-DG        UK76   8000012   1976   99.8   99.8   99.9      4   74.46 -141.81   74.26   74.66 -142.28 -141.34     50     49997   -999.00   -999.00   -999.00   -999.00   -999.00   -999.00   -999.00     -1.00      3.68      0.20     20.41      2.14
    UKSUB-DG        UK76   8000013   1976   99.9   99.9  100.0      4   74.07 -140.88   73.87   74.26 -141.34 -140.42     50     49997   -999.00   -999.00   -999.00   -999.00   -999.00   -999.00   -999.00     -1.00      3.78      0.37     24.37      2.15
    UKSUB-DG        UK76   8000014   1976  100.0  100.0  100.1      4   73.67 -139.98   73.48   73.87 -140.42 -139.54     50     49997   -999.00   -999.00   -999.00   -999.00   -999.00   -999.00   -999.00     -1.00      3.49      0.25     22.83      1.90
    UKSUB-DG        UK76   8000015   1976  100.1  100.1  100.2      4   73.27 -139.13   73.07   73.48 -139.54 -138.73     50     49997   -999.00   -999.00   -999.00   -999.00   -999.00   -999.00   -999.00     -1.00      3.38      0.24     18.39      1.63
    UKSUB-DG        UK76   8000016   1976  100.3  100.2  100.3      4   72.87 -138.49   72.67   73.07 -138.73 -138.25     50     49997   -999.00   -999.00   -999.00   -999.00   -999.00   -999.00   -999.00     -1.00      3.90      0.28     24.11      2.44
    UKSUB-DG        UK76   8000017   1976  100.4  100.3  100.4      4   72.68 -139.04   72.67   72.69 -139.83 -138.25     50     49997   -999.00   -999.00   -999.00   -999.00   -999.00   -999.00   -999.00     -1.00      3.85      0.18     17.99      2.18
    UKSUB-DG        UK76   8000018   1976  100.5  100.4  100.5      4   72.70 -140.63   72.69   72.71 -141.43 -139.83     50     49997   -999.00   -999.00   -999.00   -999.00   -999.00   -999.00   -999.00     -1.00      3.60      0.20     26.54      2.42
    UKSUB-DG        UK76   8000019   1976  100.6  100.5  100.7      4   72.74 -142.18   72.71   72.76 -142.93 -141.43     50     49997   -999.00   -999.00   -999.00   -999.00   -999.00   -999.00   -999.00     -1.00      3.71      0.17     20.04      2.06
    UKSUB-DG        UK76   8000020   1976  100.7  100.7  100.8      4   72.74 -143.69   72.72   72.76 -144.44 -142.93     50     49997   -999.00   -999.00   -999.00   -999.00   -999.00   -999.00   -999.00     -1.00      3.46      0.09     19.62      2.13
    UKSUB-DG        UK76   8000021   1976  100.8  100.8  100.9      4   72.72 -145.60   72.72   72.72 -146.40 -144.81     50     49997   -999.00   -999.00   -999.00   -999.00   -999.00   -999.00   -999.00     -1.00      3.50      0.10     17.32      1.91
    UKSUB-DG        UK76   8000022   1976  100.9  100.9  101.0      4   72.72 -147.19   72.71   72.72 -147.99 -146.40     50     49997   -999.00   -999.00   -999.00   -999.00   -999.00   -999.00   -999.00     -1.00      4.14      0.38     24.25      2.15
    UKSUB-DG        UK76   8000023   1976  101.0  101.0  101.1      4   72.71 -148.76   72.70   72.71 -149.54 -147.99     50     49997   -999.00   -999.00   -999.00   -999.00   -999.00   -999.00   -999.00     -1.00      3.62      0.46     21.52      2.19
    UKSUB-DG        UK76   8000024   1976  101.1  101.1  101.2      4   72.70 -150.29   72.69   72.70 -151.04 -149.54     50     49997   -999.00   -999.00   -999.00   -999.00   -999.00   -999.00   -999.00     -1.00      4.16      0.31     21.57      2.03
    UKSUB-DG        UK76   8000025   1976  101.3  101.2  101.3      4   72.71 -151.84   72.69   72.72 -152.65 -151.04     50     49997   -999.00   -999.00   -999.00   -999.00   -999.00   -999.00   -999.00     -1.00      4.54      0.36     21.70      2.62
    UKSUB-DG        UK76   8000026   1976  101.4  101.3  101.4      4   72.72 -153.44   72.72   72.72 -154.24 -152.65     50     49997   -999.00   -999.00   -999.00   -999.00   -999.00   -999.00   -999.00     -1.00      4.63      0.28     28.97      2.96
