      Source     Mooring     Index   Year   Yday MinDay MaxDay  Month     Lat     Lon  MinLat  MaxLat  MinLon  MaxLon  Ndays    Nsamps  Avg_temp  Min_temp  Max_temp   SD_temp Avg_depth Min_depth Max_depth  SD_depth Avg_draft Min_draft Max_draft  SD_draft
      AWI-GS uls25-99-00   9060000   1999  269.0  264.0  273.0      9   79.00   -2.05   79.00   79.00   -2.05   -2.05     10      2865      0.89     -1.77      4.26      1.98     66.36     63.35     81.00      3.66      1.07      0.00     16.30      1.61
      AWI-GS uls25-99-00   9060001   1999  289.5  274.0  304.0     10   79.00   -2.05   79.00   79.00   -2.05   -2.05     31      8907      0.80     -1.65      4.02      1.53     64.57     62.82     79.77      2.28      1.62      0.00     13.03      1.48
      AWI-GS uls25-99-00   9060002   1999  320.3  305.0  334.0     11   79.00   -2.05   79.00   79.00   -2.05   -2.05     30      8312     -0.38     -1.77      3.98      1.39     68.19     63.00    109.66      7.32      1.86      0.00     17.90      1.97
      AWI-GS uls25-99-00   9060003   1999  350.5  335.0  365.0     12   79.00   -2.05   79.00   79.00   -2.05   -2.05     31      8890     -0.76     -1.77      3.30      0.83     64.27     62.53     75.48      1.25      1.68      0.00     18.54      2.05
      AWI-GS uls25-99-00   9060004   2000   16.9    1.0   31.0      1   79.00   -2.05   79.00   79.00   -2.05   -2.05     31      8343     -0.21     -1.77      3.30      1.59     75.23     62.85    110.06     11.76      1.24      0.00     17.45      1.68
      AWI-GS uls25-99-00   9060005   2000   46.7   32.0   60.0      2   79.00   -2.05   79.00   79.00   -2.05   -2.05     29      7884     -1.00     -1.77      2.70      0.93     72.83     62.65    110.02     10.06      1.45      0.00     18.24      1.64
      AWI-GS uls25-99-00   9060006   2000   76.4   61.0   91.0      3   79.00   -2.05   79.00   79.00   -2.05   -2.05     30      8264     -0.45     -1.77      2.46      1.07     69.71     62.59    109.65      8.04      1.29      0.00     18.68      2.37
      AWI-GS uls25-99-00   9060007   2000  107.0   92.0  121.0      4   79.00   -2.05   79.00   79.00   -2.05   -2.05     30      8550     -0.64     -1.65      1.74      0.95     66.46     62.82    109.95      6.48      1.97      0.00     14.71      1.75
      AWI-GS uls25-99-00   9060008   2000  137.5  122.0  152.0      5   79.00   -2.05   79.00   79.00   -2.05   -2.05     31      8911     -0.42     -1.77      1.50      0.90     66.93     62.88     96.71      5.50      2.01      0.00     15.24      1.48
      AWI-GS uls25-99-00   9060009   2000  168.0  153.0  182.0      6   79.00   -2.05   79.00   79.00   -2.05   -2.05     30      8616     -0.85     -1.77      2.94      1.32     65.30     62.78     95.89      4.32      1.93      0.00     15.54      1.66
      AWI-GS uls25-99-00   9060010   2000  198.2  183.0  213.0      7   79.00   -2.05   79.00   79.00   -2.05   -2.05     30      8617     -1.25     -1.77      4.27      0.87     64.21     62.91     75.99      1.61      1.84      0.00     16.98      1.87
      AWI-GS uls26-91-92   9000000   1991  237.0  230.0  243.0      8   75.00  -12.50   75.00   75.00  -12.50  -12.50     14      3889     -1.15     -1.57      1.43      0.73     63.16     57.75     74.62      3.84      0.35      0.00     19.35      0.90
      AWI-GS uls26-91-92   9000001   1991  259.0  244.0  273.0      9   75.00  -12.50   75.00   75.00  -12.50  -12.50     30      7882      0.41     -1.45      3.46      1.56     67.72     57.99    110.07     11.41      0.15      0.00     33.03      0.52
      AWI-GS uls26-91-92   9000002   1991  289.2  274.0  304.0     10   75.00  -12.50   75.00   75.00  -12.50  -12.50     31      7667      0.32     -1.33      1.79      0.89     63.53     57.28    106.28      9.12      0.18      0.00      6.45      0.47
      AWI-GS uls26-91-92   9000003   1991  320.2  305.0  334.0     11   75.00  -12.50   75.00   75.00  -12.50  -12.50     30      6810     -0.57     -1.81      2.26      1.02     65.54     57.54     88.12      5.96      0.78      0.00     11.26      1.17
      AWI-GS uls26-91-92   9000004   1991  350.4  335.0  365.0     12   75.00  -12.50   75.00   75.00  -12.50  -12.50     31      6923     -0.45     -1.81      3.46      1.44     66.85     57.51    109.88     11.34      0.96      0.00     16.89      1.40
      AWI-GS uls26-91-92   9000005   1992   15.3    1.0   31.0      1   75.00  -12.50   75.00   75.00  -12.50  -12.50     30      6249     -1.50     -1.81     -0.49      0.23     63.05     57.30     82.04      5.22      1.44      0.00     16.88      1.66
      AWI-GS uls26-91-92   9000006   1992   46.4   32.0   60.0      2   75.00  -12.50   75.00   75.00  -12.50  -12.50     29      7161     -1.46     -1.81     -0.13      0.35     66.36     57.42    109.89      9.94      0.99      0.00     16.50      1.21
      AWI-GS uls26-91-92   9000007   1992   75.6   61.0   91.0      3   75.00  -12.50   75.00   75.00  -12.50  -12.50     30      6814     -1.46     -1.81      1.43      0.56     68.30     57.32    110.10     10.30      1.30      0.00     14.64      1.46
      AWI-GS uls26-91-92   9000008   1992  106.0   92.0  121.0      4   75.00  -12.50   75.00   75.00  -12.50  -12.50     30      6626     -1.25     -1.81      1.07      0.69     63.88     57.19     98.62      8.09      0.98      0.00     19.37      1.53
      AWI-GS uls26-91-92   9000009   1992  137.4  122.0  152.0      5   75.00  -12.50   75.00   75.00  -12.50  -12.50     31      6783     -1.33     -1.81      0.83      0.45     66.77     57.45    109.85     10.14      1.28      0.00     15.27      1.50
      AWI-GS uls26-91-92   9000010   1992  168.0  153.0  182.0      6   75.00  -12.50   75.00   75.00  -12.50  -12.50     30      7827     -1.21     -1.69      1.07      0.61     66.36     57.52    106.03     10.77      0.99      0.00     15.61      1.47
      AWI-GS uls26-91-92   9000011   1992  198.6  183.0  213.0      7   75.00  -12.50   75.00   75.00  -12.50  -12.50     31      8343     -1.11     -1.69      0.35      0.57     62.16     57.49     76.89      4.33      0.68      0.00      9.43      1.16
      AWI-GS uls26-91-92   9000012   1992  229.6  214.0  244.0      8   75.00  -12.50   75.00   75.00  -12.50  -12.50     30      8006     -1.23     -1.57      1.19      0.51     64.36     57.24     95.15      7.26      1.07      0.00     16.97      1.46
      AWI-GS uls26-91-92   9000013   1992  259.8  245.0  274.0      9   75.00  -12.50   75.00   75.00  -12.50  -12.50     30      7918     -1.39     -1.57     -0.73      0.14     64.91     57.47     87.74      6.64      0.54      0.00     16.01      1.13
      AWI-GS uls26-91-92   9000014   1992  289.9  275.0  305.0     10   75.00  -12.50   75.00   75.00  -12.50  -12.50     30      7180     -1.28     -1.57      0.71      0.38     61.78     58.24     77.65      3.20      0.74      0.00     16.48      1.21
      AWI-GS uls31-00-01   9090000   2000  268.5  262.0  274.0      9   74.41  -10.20   74.41   74.41  -10.20  -10.20     13      3735      1.53      0.89      2.32      0.31     76.14     75.19     77.15      0.38      0.19      0.00      5.85      0.38
      AWI-GS uls31-00-01   9090001   2000  290.5  275.0  305.0     10   74.41  -10.20   74.41   74.41  -10.20  -10.20     31      8897      2.14      1.36      2.56      0.30     76.63     74.96     82.92      1.21      0.27      0.00     13.32      0.63
      AWI-GS uls31-00-01   9090002   2000  321.0  306.0  335.0     11   74.41  -10.20   74.41   74.41  -10.20  -10.20     30      8601      1.31      0.41      2.44      0.50     75.56     74.39     77.01      0.36      0.35      0.00     13.85      0.85
      AWI-GS uls31-00-01   9090003   2000  351.5  336.0  366.0     12   74.41  -10.20   74.41   74.41  -10.20  -10.20     31      8889      0.01     -1.62      1.84      1.13     75.78     74.60     77.71      0.42      0.60      0.00     14.82      1.02
      AWI-GS uls31-00-01   9090004   2001   16.5    1.0   31.0      1   74.41  -10.20   74.41   74.41  -10.20  -10.20     31      8878     -1.49     -1.86      1.25      0.50     75.57     74.71     76.54      0.36      0.98      0.00     16.59      1.39
      AWI-GS uls31-00-01   9090005   2001   46.0   32.0   59.0      2   74.41  -10.20   74.41   74.41  -10.20  -10.20     28      8010     -1.71     -1.86     -1.02      0.11     75.94     74.55     80.35      1.06      1.54      0.00     16.56      1.43
      AWI-GS uls31-00-01   9090006   2001   75.4   60.0   90.0      3   74.41  -10.20   74.41   74.41  -10.20  -10.20     31      8805     -1.54     -1.86      1.13      0.48     75.56     74.42     77.78      0.50      0.86      0.00     10.88      1.02
      AWI-GS uls31-00-01   9090007   2001  106.0   91.0  120.0      4   74.41  -10.20   74.41   74.41  -10.20  -10.20     30      8612     -0.43     -1.74      1.72      0.86     75.89     74.46     80.61      1.14      0.49      0.00      9.02      0.70
      AWI-GS uls31-00-01   9090008   2001  136.5  121.0  151.0      5   74.41  -10.20   74.41   74.41  -10.20  -10.20     31      8900     -0.43     -1.62      1.72      0.99     75.34     74.36     76.34      0.38      0.68      0.00     12.66      0.86
      AWI-GS uls31-00-01   9090009   2001  167.0  152.0  181.0      6   74.41  -10.20   74.41   74.41  -10.20  -10.20     30      8611      0.40     -1.02      1.84      0.65     77.09     74.72     83.28      1.86      0.09      0.00      5.78      0.21
      AWI-GS uls31-00-01   9090010   2001  197.5  182.0  212.0      7   74.41  -10.20   74.41   74.41  -10.20  -10.20     31      8893      0.96     -0.43      1.96      0.54     81.42     74.72     97.29      5.34      0.22      0.00      7.02      0.58
      AWI-GS uls31-00-01   9090011   2001  228.5  213.0  243.0      8   74.41  -10.20   74.41   74.41  -10.20  -10.20     31      8895      1.48      0.77      1.96      0.26     75.96     74.29     79.29      0.97      0.11      0.00      2.08      0.17
      AWI-GS uls31-00-01   9090012   2001  252.5  244.0  260.0      9   74.41  -10.20   74.41   74.41  -10.20  -10.20     17      4863      1.81      1.25      2.19      0.13     77.14     74.58     84.09      2.46      0.18      0.00      3.04      0.29
      AWI-GS    uls31-92   9010001   1992  260.0  245.0  274.0      9   74.88  -11.72   74.88   74.88  -11.72  -11.72     30      8614      0.99     -1.39      3.00      1.13     67.05     58.70     93.45      8.18      0.24      0.00     13.40      0.60
      AWI-GS    uls31-92   9010002   1992  290.5  275.0  305.0     10   74.88  -11.72   74.88   74.88  -11.72  -11.72     31      8848      1.82     -1.39      3.00      1.05     68.52     58.10    109.81      9.61      1.10      0.00     17.70      1.59
      AWI-GS    uls31-92   9010003   1992  320.7  306.0  335.0     11   74.88  -11.72   74.88   74.88  -11.72  -11.72     30      8241      1.64     -0.68      2.88      0.84     81.80     61.01    110.06     11.22      0.66      0.00     15.41      1.16
      AWI-GS    uls31-92   9010004   1992  350.8  336.0  366.0     12   74.88  -11.72   74.88   74.88  -11.72  -11.72     31      7883      1.08     -1.39      2.64      0.86     80.72     60.99    109.96     12.89      0.81      0.00     17.99      1.34
      AWI-GS uls32-93-94   9020001   1993  259.0  244.0  273.0      9   74.88   -7.63   74.88   74.88   -7.63   -7.63     30      8633      0.33     -0.61      1.64      0.57     81.06     79.28     84.88      1.17      0.11      0.00      2.08      0.19
      AWI-GS uls32-93-94   9020002   1993  289.5  274.0  304.0     10   74.88   -7.63   74.88   74.88   -7.63   -7.63     31      8892     -0.20     -0.61      0.69      0.29     79.74     78.74     80.74      0.36      0.21      0.00      4.45      0.34
      AWI-GS uls32-93-94   9020003   1993  320.0  305.0  334.0     11   74.88   -7.63   74.88   74.88   -7.63   -7.63     30      8554     -0.49     -0.73     -0.02      0.24     79.48     78.13     80.93      0.40      0.32      0.00      4.53      0.49
      AWI-GS uls32-93-94   9020004   1993  350.5  335.0  365.0     12   74.88   -7.63   74.88   74.88   -7.63   -7.63     31      8813     -0.67     -1.32      0.10      0.37     79.32     77.60     81.11      0.46      0.35      0.00      9.60      0.62
      AWI-GS uls32-93-94   9020005   1994   16.4    1.0   31.0      1   74.88   -7.63   74.88   74.88   -7.63   -7.63     31      8821     -0.61     -0.97      0.45      0.25     80.53     77.76     93.40      2.21      0.44      0.00      9.45      0.74
      AWI-GS uls32-93-94   9020006   1994   46.0   32.0   59.0      2   74.88   -7.63   74.88   74.88   -7.63   -7.63     28      8027     -0.66     -1.20     -0.02      0.36     79.28     77.53     86.24      0.86      0.30      0.00      9.68      0.50
      AWI-GS uls32-93-94   9020007   1994   75.6   60.0   90.0      3   74.88   -7.63   74.88   74.88   -7.63   -7.63     31      8722     -0.67     -1.09      0.33      0.30     86.87     77.77    109.74      7.39      0.73      0.00     11.96      1.23
      AWI-GS uls32-93-94   9020008   1994  106.0   91.0  120.0      4   74.88   -7.63   74.88   74.88   -7.63   -7.63     30      8588     -0.63     -0.97     -0.38      0.15     83.06     78.03     95.87      3.84      0.35      0.00      7.69      0.61
      AWI-GS uls32-93-94   9020009   1994  136.5  121.0  151.0      5   74.88   -7.63   74.88   74.88   -7.63   -7.63     31      8922      0.05     -0.61      1.28      0.57     81.84     78.06    104.85      4.66      0.11      0.00      3.05      0.21
      AWI-GS uls32-93-94   9020010   1994  167.7  152.0  181.0      6   74.88   -7.63   74.88   74.88   -7.63   -7.63     28      7882      0.39     -0.61      1.40      0.33     87.64     78.42    109.99      5.70      0.13      0.00      4.25      0.24
      AWI-GS uls32-93-94   9020011   1994  193.7  182.0  204.0      7   74.88   -7.63   74.88   74.88   -7.63   -7.63     23      6503      0.93      0.22      1.75      0.45     84.08     78.00    110.01      8.03      0.10      0.00      1.80      0.18
      AWI-GS uls32-97-98   9040000   1997  259.0  244.0  273.0      9   79.01   -2.04   79.01   79.01   -2.04   -2.04     30      8613     -0.89     -1.74      3.70      1.41     69.93     67.20     84.06      2.77      0.90      0.00     14.44      1.29
      AWI-GS uls32-97-98   9040001   1997  289.5  274.0  304.0     10   79.01   -2.04   79.01   79.01   -2.04   -2.04     31      8909     -0.24     -1.61      2.14      1.02     70.14     67.34    101.49      4.82      1.38      0.00     12.82      1.33
      AWI-GS uls32-97-98   9040002   1997  320.0  305.0  334.0     11   79.01   -2.04   79.01   79.01   -2.04   -2.04     30      8600     -0.87     -1.74      2.38      0.97     69.60     67.63     89.63      2.77      1.58      0.00     18.36      1.72
      AWI-GS uls32-97-98   9040003   1997  350.5  335.0  365.0     12   79.01   -2.04   79.01   79.01   -2.04   -2.04     31      8839     -1.61     -1.86     -1.13      0.11     68.61     65.88     96.26      1.12      1.63      0.00     82.37      2.13
      AWI-GS uls32-97-98   9040004   1998   16.5    1.0   31.0      1   79.01   -2.04   79.01   79.01   -2.04   -2.04     31      8900     -0.78     -1.86      1.53      0.98     69.80     67.46     86.16      2.57      1.55      0.00     18.30      1.63
      AWI-GS uls32-97-98   9040005   1998   46.0   32.0   59.0      2   79.01   -2.04   79.01   79.01   -2.04   -2.04     28      7988     -1.46     -1.86      1.05      0.56     69.52     67.36     85.30      2.19      1.23      0.00     11.72      1.24
      AWI-GS uls32-97-98   9040006   1998   75.0   60.0   90.0      3   79.01   -2.04   79.01   79.01   -2.04   -2.04     31      8289     -1.27     -1.86      2.26      0.86     74.48     66.05    109.80      9.52      1.11      0.00     18.98      1.33
      AWI-GS uls32-97-98   9040007   1998  105.9   91.0  120.0      4   79.01   -2.04   79.01   79.01   -2.04   -2.04     30      8196      0.24     -1.86      2.01      0.99     76.49     67.41    110.15      9.55      0.76      0.00     13.90      1.19
      AWI-GS uls32-97-98   9040008   1998  136.6  121.0  151.0      5   79.01   -2.04   79.01   79.01   -2.04   -2.04     31      6927      0.15     -1.86      2.01      1.34     82.42     67.63    110.10     11.22      1.03      0.00     16.67      1.49
      AWI-GS uls32-97-98   9040009   1998  167.0  152.0  181.0      6   79.01   -2.04   79.01   79.01   -2.04   -2.04     30      8612     -0.67     -1.74      2.01      0.72     69.53     67.52     78.08      1.77      2.41      0.00     18.38      1.78
      AWI-GS uls32-97-98   9040010   1998  197.8  182.0  212.0      7   79.01   -2.04   79.01   79.01   -2.04   -2.04     31      8587     -0.63     -1.86      2.14      0.95     75.75     67.93    109.75      7.79      2.31      0.00     17.99      1.87
      AWI-GS uls32-97-98   9040011   1998  228.5  213.0  243.0      8   79.01   -2.04   79.01   79.01   -2.04   -2.04     31      8903     -0.50     -1.74      2.62      1.15     71.58     67.48    106.10      6.17      1.25      0.00     18.93      2.07
      AWI-GS uls32-99-00   9070000   1999  292.5  280.0  304.0     10   74.41  -10.25   74.41   74.41  -10.25  -10.25     25      7171      1.60      1.03      2.25      0.31     73.17     71.95     74.35      0.44      1.09      0.00     15.63      1.59
      AWI-GS uls32-99-00   9070001   1999  320.0  305.0  334.0     11   74.41  -10.25   74.41   74.41  -10.25  -10.25     30      8600      0.52     -0.18      1.16      0.36     72.86     71.29     74.23      0.40      2.05      0.00     18.66      2.82
      AWI-GS uls32-99-00   9070002   1999  350.5  335.0  365.0     12   74.41  -10.25   74.41   74.41  -10.25  -10.25     31      8887     -0.69     -1.27      0.07      0.33     72.84     71.36     74.87      0.40      1.36      0.00     18.51      1.71
      AWI-GS uls32-99-00   9070003   2000   16.5    1.0   31.0      1   74.41  -10.25   74.41   74.41  -10.25  -10.25     31      8877     -0.24     -1.02      0.43      0.39     74.56     71.49     99.88      4.02      1.70      0.00     18.71      2.09
      AWI-GS uls32-99-00   9070004   2000   46.6   32.0   60.0      2   74.41  -10.25   74.41   74.41  -10.25  -10.25     29      8171     -0.71     -1.75      1.76      0.72     75.53     71.66    109.79      5.17      1.37      0.00     18.37      1.57
      AWI-GS uls32-99-00   9070005   2000   76.2   61.0   91.0      3   74.41  -10.25   74.41   74.41  -10.25  -10.25     31      8399     -0.71     -1.51      0.07      0.24     79.68     71.66    110.12      9.36      2.03      0.00     18.92      2.55
      AWI-GS uls32-99-00   9070006   2000  108.4   92.0  121.0      4   74.41  -10.25   74.41   74.41  -10.25  -10.25     29      7552     -0.36     -1.51      1.03      0.56     80.46     72.39    110.07      8.66      0.76      0.00     15.47      1.18
      AWI-GS uls32-99-00   9070007   2000  137.6  122.0  152.0      5   74.41  -10.25   74.41   74.41  -10.25  -10.25     31      8348      0.01     -0.90      1.40      0.53     80.15     72.20    110.08      7.79      1.01      0.00     18.29      1.69
      AWI-GS uls32-99-00   9070008   2000  168.0  153.0  182.0      6   74.41  -10.25   74.41   74.41  -10.25  -10.25     30      8629      0.69     -0.05      1.88      0.50     75.63     72.36     95.80      3.54      0.27      0.00     18.44      0.61
      AWI-GS uls32-99-00   9070009   2000  198.5  183.0  213.0      7   74.41  -10.25   74.41   74.41  -10.25  -10.25     31      8924      1.16      0.31      2.00      0.41     77.01     72.25     92.85      5.13      0.19      0.00     16.95      0.59
      AWI-GS uls32-99-00   9070010   2000  229.5  214.0  244.0      8   74.41  -10.25   74.41   74.41  -10.25  -10.25     31      8919      1.39      0.31      2.25      0.44     74.38     71.95     90.77      2.45      0.20      0.00      5.78      0.49
      AWI-GS uls32-99-00   9070011   2000  252.5  245.0  259.0      9   74.41  -10.25   74.41   74.41  -10.25  -10.25     15      4305      2.00      1.16      2.48      0.34     74.40     72.17     77.50      1.33      0.59      0.00     13.51      1.22
      AWI-GS uls47-01-02   9100000   2001  268.5  263.0  273.0      9   74.41  -10.20   74.41   74.41  -10.20  -10.20     11      3143      1.56      1.21      1.93      0.18     91.95     91.23     94.38      0.47      0.56      0.00     12.29      1.13
      AWI-GS uls47-01-02   9100001   2001  289.5  274.0  304.0     10   74.41  -10.20   74.41   74.41  -10.20  -10.20     31      8850      1.74      0.48      2.54      0.40     94.68     90.96    110.13      4.33      0.64      0.00     17.99      1.19
      AWI-GS uls47-01-02   9100002   2001  319.1  305.0  333.0     11   74.41  -10.20   74.41   74.41  -10.20  -10.20     29      8108      1.08      0.12      2.29      0.50     92.93     90.64    109.88      3.09      1.91      0.00     19.48      2.91
      AWI-GS uls47-01-02   9100003   2001  352.4  336.0  365.0     12   74.41  -10.20   74.41   74.41  -10.20  -10.20     28      7545     -0.08     -0.85      1.33      0.45     92.60     90.69    109.87      2.64      1.24      0.00     18.23      1.71
      AWI-GS uls47-01-02   9100004   2002   16.5    1.0   31.0      1   74.41  -10.20   74.41   74.41  -10.20  -10.20     31      8909     -0.92     -1.82      0.73      0.55     91.91     90.57     98.49      0.92      1.40      0.00     15.61      1.44
      AWI-GS uls47-01-02   9100005   2002   46.0   32.0   59.0      2   74.41  -10.20   74.41   74.41  -10.20  -10.20     28      7995     -0.44     -1.70      1.93      1.05     92.34     90.44    108.21      2.54      1.07      0.00     19.41      1.55
      AWI-GS uls47-01-02   9100006   2002   71.9   60.0   85.0      3   74.41  -10.20   74.41   74.41  -10.20  -10.20     22      5843     -0.54     -1.58      1.21      0.73     93.14     90.23    109.86      3.05      0.67      0.00     19.05      1.12
      AWI-GS uls47-01-02   9100007   2002  107.6   94.0  120.0      4   74.41  -10.20   74.41   74.41  -10.20  -10.20     27      7652      0.08     -0.73      0.97      0.38     93.31     90.57    109.95      3.51      1.07      0.00     19.63      2.25
      AWI-GS uls47-01-02   9100008   2002  136.7  121.0  151.0      5   74.41  -10.20   74.41   74.41  -10.20  -10.20     30      8041     -0.04     -0.61      0.60      0.28     94.14     90.48    110.10      3.91      0.31      0.00     12.63      0.65
      AWI-GS uls47-01-02   9100009   2002  167.0  152.0  181.0      6   74.41  -10.20   74.41   74.41  -10.20  -10.20     30      8618      0.73      0.12      1.33      0.33     91.68     90.67     94.55      0.62      0.12      0.00      7.01      0.24
      AWI-GS uls47-01-02   9100010   2002  197.7  182.0  212.0      7   74.41  -10.20   74.41   74.41  -10.20  -10.20     31      8709      0.91     -0.12      1.57      0.41     95.04     90.69    109.96      3.89      0.12      0.00      8.52      0.25
      AWI-GS uls47-01-02   9100011   2002  228.5  213.0  243.0      8   74.41  -10.20   74.41   74.41  -10.20  -10.20     31      8889      0.97      0.24      1.57      0.33     92.26     90.58    104.85      2.23      0.12      0.00      4.56      0.20
      AWI-GS uls47-01-02   9100012   2002  255.8  244.0  267.0      9   74.41  -10.20   74.41   74.41  -10.20  -10.20     24      6749      1.27      0.48      1.93      0.37     92.13     90.67     95.80      0.89      0.21      0.00      4.23      0.37
      AWI-GS uls47-98-99   9050000   1998  263.0  252.0  273.0      9   79.00   -2.04   79.00   79.00   -2.04   -2.04     22      6314      1.37     -1.62      4.42      1.43     64.60     63.73     69.31      0.55      0.74      0.00     19.37      1.59
      AWI-GS uls47-98-99   9050001   1998  289.5  274.0  304.0     10   79.00   -2.04   79.00   79.00   -2.04   -2.04     31      8877      0.98     -1.74      3.82      1.76     65.82     63.51     82.93      2.65      0.78      0.00     15.17      1.10
      AWI-GS uls47-98-99   9050002   1998  320.0  305.0  334.0     11   79.00   -2.04   79.00   79.00   -2.04   -2.04     30      8600     -0.70     -1.62      2.13      1.06     66.86     63.57     93.70      3.98      0.97      0.00     18.05      1.15
      AWI-GS uls47-98-99   9050003   1998  350.5  335.0  365.0     12   79.00   -2.04   79.00   79.00   -2.04   -2.04     31      8897     -1.01     -1.74      0.68      0.60     67.49     63.54     88.12      3.74      0.91      0.00     18.65      1.26
      AWI-GS uls47-98-99   9050004   1999   16.4    1.0   31.0      1   79.00   -2.04   79.00   79.00   -2.04   -2.04     31      8770     -1.05     -1.74      1.28      0.78     69.48     63.50    109.86      7.74      0.65      0.00     10.10      0.82
      AWI-GS uls47-98-99   9050005   1999   46.0   32.0   59.0      2   79.00   -2.04   79.00   79.00   -2.04   -2.04     28      7998     -0.68     -1.62      1.28      0.73     65.61     63.05     82.01      2.47      1.26      0.00     19.14      2.02
      AWI-GS uls47-98-99   9050006   1999   75.6   60.0   90.0      3   79.00   -2.04   79.00   79.00   -2.04   -2.04     31      8381      1.05     -1.13      2.49      0.71     73.41     63.32    110.21     10.37      0.46      0.00     12.94      0.75
      AWI-GS uls47-98-99   9050007   1999  105.6   91.0  120.0      4   79.00   -2.04   79.00   79.00   -2.04   -2.04     30      8076      0.97     -1.62      2.85      1.24     69.98     63.03    110.13      9.31      0.70      0.00     16.78      0.96
      AWI-GS uls47-98-99   9050008   1999  136.5  121.0  151.0      5   79.00   -2.04   79.00   79.00   -2.04   -2.04     31      8908     -0.11     -1.74      2.73      1.50     68.72     63.44    103.45      6.79      1.13      0.00     15.67      1.47
      AWI-GS uls47-98-99   9050009   1999  167.0  152.0  181.0      6   79.00   -2.04   79.00   79.00   -2.04   -2.04     30      8541      0.80     -1.62      3.94      1.55     70.77     63.53    109.90      9.43      0.64      0.00     11.70      1.07
      AWI-GS uls47-98-99   9050010   1999  197.5  182.0  212.0      7   79.00   -2.04   79.00   79.00   -2.04   -2.04     31      8879      1.03     -1.74      5.02      1.95     68.01     63.51    110.02      7.47      1.16      0.00     11.11      1.19
      AWI-GS uls47-98-99   9050011   1999  228.5  213.0  243.0      8   79.00   -2.04   79.00   79.00   -2.04   -2.04     31      8914      0.45     -1.62      4.90      2.09     67.22     63.41     89.37      3.85      1.11      0.00     18.16      1.38
      AWI-GS uls47-98-99   9050012   1999  253.0  244.0  261.0      9   79.00   -2.04   79.00   79.00   -2.04   -2.04     18      5164     -0.33     -1.74      4.90      1.69     65.06     63.38     69.96      1.17      0.42      0.00     12.94      0.77
      AWI-GS uls48-00-01   9080000   2000  236.0  227.0  244.0      8   79.02   -2.03   79.02   79.02   -2.03   -2.03     18      5168     -0.60     -1.64      4.07      1.55     78.96     76.48    106.59      4.83      1.15      0.00     14.31      1.56
      AWI-GS uls48-00-01   9080001   2000  260.6  245.0  274.0      9   79.02   -2.03   79.02   79.02   -2.03   -2.03     29      8007      1.09     -1.64      5.02      1.81     83.16     76.37    110.00      7.71      1.44      0.00     17.19      1.74
      AWI-GS uls48-00-01   9080002   2000  290.8  275.0  305.0     10   79.02   -2.03   79.02   79.02   -2.03   -2.03     29      8325      1.23     -1.64      4.54      2.11     79.63     75.95    100.68      4.04      1.33      0.00     16.41      1.58
      AWI-GS uls48-00-01   9080003   2000  321.0  306.0  335.0     11   79.02   -2.03   79.02   79.02   -2.03   -2.03     30      8617     -0.05     -1.52      3.95      1.65     77.07     75.99     84.19      1.06      1.93      0.00     17.06      1.92
      AWI-GS uls48-00-01   9080004   2000  351.5  336.0  366.0     12   79.02   -2.03   79.02   79.02   -2.03   -2.03     31      8903     -1.37     -1.76     -0.56      0.16     76.79     75.95     79.81      0.50      1.85      0.00     14.05      1.81
      AWI-GS uls48-00-01   9080005   2001   16.5    1.0   31.0      1   79.02   -2.03   79.02   79.02   -2.03   -2.03     31      8906     -1.21     -1.76      1.46      0.70     77.08     75.89     83.03      1.18      1.61      0.00     12.76      1.38
      AWI-GS uls48-00-01   9080006   2001   46.0   32.0   59.0      2   79.02   -2.03   79.02   79.02   -2.03   -2.03     28      8051     -0.34     -1.76      3.36      1.75     77.48     75.74     96.05      2.53      2.00      0.00     13.62      1.67
      AWI-GS uls48-00-01   9080007   2001   75.5   60.0   90.0      3   79.02   -2.03   79.02   79.02   -2.03   -2.03     31      8901     -1.14     -1.88      1.81      0.87     77.07     75.62     84.68      1.40      1.28      0.00     11.45      1.50
      AWI-GS uls48-00-01   9080008   2001  106.0   91.0  120.0      4   79.02   -2.03   79.02   79.02   -2.03   -2.03     30      8616     -1.17     -1.76      2.65      0.94     76.82     75.68     81.85      0.92      1.16      0.00     15.80      1.29
      AWI-GS uls48-00-01   9080009   2001  136.5  121.0  151.0      5   79.02   -2.03   79.02   79.02   -2.03   -2.03     31      8804     -1.46     -1.76     -0.09      0.31     80.67     75.86    110.13      7.01      0.99      0.00     11.52      1.05
      AWI-GS uls48-00-01   9080010   2001  167.0  152.0  181.0      6   79.02   -2.03   79.02   79.02   -2.03   -2.03     30      8617     -1.53     -1.76      1.93      0.47     76.94     75.83     85.65      1.05      1.92      0.00     18.47      1.56
      AWI-GS uls48-00-01   9080011   2001  196.8  182.0  211.0      7   79.02   -2.03   79.02   79.02   -2.03   -2.03     29      7165      2.32     -1.52      4.07      1.34     89.77     75.89    110.08      8.83      1.51      0.00     16.85      1.64
      AWI-GS uls48-00-01   9080012   2001  228.9  213.0  243.0      8   79.02   -2.03   79.02   79.02   -2.03   -2.03     30      8527      0.76     -1.64      4.07      1.96     85.02     76.06    110.12      9.38      1.26      0.00     13.75      1.51
      AWI-GS uls48-00-01   9080013   2001  259.2  244.0  273.0      9   79.02   -2.03   79.02   79.02   -2.03   -2.03     30      8258      1.41     -1.76      4.78      2.26     81.17     75.69    109.85      6.93      1.03      0.00     15.74      1.72
      AWI-GS uls48-00-01   9080014   2001  288.0  274.0  301.0     10   79.02   -2.03   79.02   79.02   -2.03   -2.03     28      8025      0.79     -1.64      4.90      1.77     76.90     75.62     82.55      1.02      1.52      0.00     17.87      1.92
      AWI-GS uls49-94-95   9030000   1994  207.5  202.0  212.0      7   74.96  -12.98   74.96   74.96  -12.98  -12.98     11      3166     -0.75     -1.66      1.48      1.02     83.20     82.23     86.97      0.72      0.73      0.00     14.86      1.33
      AWI-GS uls49-94-95   9030001   1994  228.5  213.0  243.0      8   74.96  -12.98   74.96   74.96  -12.98  -12.98     31      8907     -1.24     -1.78      0.63      0.46     83.27     82.26     86.45      0.58      0.56      0.00     16.06      1.07
      AWI-GS uls49-94-95   9030002   1994  259.4  245.0  273.0      9   74.96  -12.98   74.96   74.96  -12.98  -12.98     27      7752     -1.36     -1.78      3.76      0.62     83.30     82.26     89.82      0.82      0.72      0.00     19.66      1.40
      AWI-GS uls49-94-95   9030003   1994  289.5  274.0  304.0     10   74.96  -12.98   74.96   74.96  -12.98  -12.98     31      8907     -1.24     -1.66     -0.21      0.26     85.38     82.17     98.53      2.93      1.52      0.00     18.53      1.83
      AWI-GS uls49-94-95   9030004   1994  320.1  305.0  334.0     11   74.96  -12.98   74.96   74.96  -12.98  -12.98     29      8331     -0.45     -1.54      2.08      0.87     83.28     82.36     85.90      0.46      1.88      0.00     17.02      1.50
      AWI-GS uls49-94-95   9030005   1994  350.3  335.0  365.0     12   74.96  -12.98   74.96   74.96  -12.98  -12.98     30      8547     -1.48     -1.78     -0.45      0.23     88.62     82.50    109.96      5.94      2.27      0.00     18.41      1.91
      AWI-GS uls49-94-95   9030006   1995   16.8    2.0   31.0      1   74.96  -12.98   74.96   74.96  -12.98  -12.98     30      8175     -0.55     -1.78      2.44      1.07     89.66     81.92    110.12      7.00      2.16      0.00     17.93      1.56
      AWI-GS uls49-94-95   9030007   1995   47.3   32.0   59.0      2   74.96  -12.98   74.96   74.96  -12.98  -12.98     27      6584     -1.11     -1.90      1.23      0.78     89.31     82.38    109.98      7.17      1.87      0.00     17.01      1.57
      AWI-GS uls49-94-95   9030008   1995   76.2   60.0   90.0      3   74.96  -12.98   74.96   74.96  -12.98  -12.98     30      7607     -1.57     -1.90      0.78      0.28     89.80     82.04    110.09      7.44      2.16      0.00     14.44      1.49
      AWI-GS uls49-94-95   9030009   1995  106.8   91.0  120.0      4   74.96  -12.98   74.96   74.96  -12.98  -12.98     29      7938     -1.58     -1.78      0.39      0.30     87.61     82.35    110.11      6.95      2.57      0.00     16.72      2.05
      AWI-GS uls49-94-95   9030010   1995  130.0  121.0  138.0      5   74.96  -12.98   74.96   74.96  -12.98  -12.98     17      4886     -1.61     -1.78     -1.30      0.11     83.20     82.07     85.43      0.51      2.34      0.00     17.82      2.19
      AWI-GS uls49-94-95   9030011   1995  207.0  201.0  212.0      7   74.96  -12.98   74.96   74.96  -12.98  -12.98     12      3442     -1.59     -1.66     -0.69      0.14     83.26     82.38     84.51      0.40      1.28      0.00     17.75      1.84
      AWI-GS uls49-94-95   9030012   1995  228.5  213.0  243.0      8   74.96  -12.98   74.96   74.96  -12.98  -12.98     31      8903     -1.45     -1.78      2.68      0.49     83.07     82.23     84.42      0.41      0.90      0.00     17.24      1.36
      AWI-GS uls49-94-95   9030013   1995  258.3  244.0  273.0      9   74.96  -12.98   74.96   74.96  -12.98  -12.98     28      8045     -0.91     -1.66      3.16      0.94     83.37     82.21     88.00      0.75      0.82      0.00     23.62      1.15
      AWI-GS uls49-94-95   9030014   1995  279.5  274.0  284.0     10   74.96  -12.98   74.96   74.96  -12.98  -12.98     11      3163      0.34     -1.30      2.56      1.46     83.07     82.11     84.36      0.42      1.14      0.00     11.92      1.07
