      Source     Mooring     Index   Year   Yday MinDay MaxDay  Month     Lat     Lon  MinLat  MaxLat  MinLon  MaxLon  Ndays    Nsamps  Avg_temp  Min_temp  Max_temp   SD_temp Avg_depth Min_depth Max_depth  SD_depth Avg_draft Min_draft Max_draft  SD_draft
     IOS-EBS       EBS_1   3000001   1992  135.0  122.0  152.0      5   70.33 -133.74   70.33   70.33 -133.74 -133.74     30     11160   -999.00   -999.00   -999.00   -999.00   -999.00   -999.00   -999.00   -999.00      1.77      0.00     15.90      2.34
     IOS-EBS       EBS_1   3000002   1992  166.0  153.0  182.0      6   70.33 -133.74   70.33   70.33 -133.74 -133.74     30     10800   -999.00   -999.00   -999.00   -999.00   -999.00   -999.00   -999.00   -999.00      2.55      0.00     24.80      2.92
     IOS-EBS       EBS_1   3000003   1992  196.0  183.0  213.0      7   70.33 -133.74   70.33   70.33 -133.74 -133.74     30     11160   -999.00   -999.00   -999.00   -999.00   -999.00   -999.00   -999.00   -999.00      1.68      0.00     15.40      0.64
     IOS-EBS       EBS_1   3000004   1992  227.0  214.0  244.0      8   70.33 -133.74   70.33   70.33 -133.74 -133.74     30     10800   -999.00   -999.00   -999.00   -999.00   -999.00   -999.00   -999.00   -999.00      0.46      0.00     11.20      0.06
     IOS-EBS       EBS_1   3000005   1992  258.0  245.0  274.0      9   70.33 -133.74   70.33   70.33 -133.74 -133.74     30     11160   -999.00   -999.00   -999.00   -999.00   -999.00   -999.00   -999.00   -999.00      0.20      0.00     10.90      0.04
     IOS-EBS       EBS_1   3000006   1992  288.0  275.0  305.0     10   70.33 -133.74   70.33   70.33 -133.74 -133.74     29     10800   -999.00   -999.00   -999.00   -999.00   -999.00   -999.00   -999.00   -999.00      0.83      0.00     10.30      0.45
     IOS-EBS       EBS_1   3000007   1992  319.0  306.0  335.0     11   70.33 -133.74   70.33   70.33 -133.74 -133.74     29     11160   -999.00   -999.00   -999.00   -999.00   -999.00   -999.00   -999.00   -999.00      0.88      0.00     13.00      0.74
     IOS-EBS       EBS_1   3000008   1992  349.0  336.0  366.0     12   70.33 -133.74   70.33   70.33 -133.74 -133.74     17     10800   -999.00   -999.00   -999.00   -999.00   -999.00   -999.00   -999.00   -999.00      1.58      0.00     13.60      1.51
     IOS-EBS       EBS_1   3000009   1993   15.0    1.0   31.0      1   70.33 -133.74   70.33   70.33 -133.74 -133.74     14     11160   -999.00   -999.00   -999.00   -999.00   -999.00   -999.00   -999.00   -999.00      1.53      0.00     17.80      1.81
     IOS-EBS       EBS_1   3000010   1993   46.0   32.0   59.0      2   70.33 -133.74   70.33   70.33 -133.74 -133.74     30     10800   -999.00   -999.00   -999.00   -999.00   -999.00   -999.00   -999.00   -999.00      2.37      0.00     22.80      2.09
     IOS-EBS       EBS_1   3000011   1993   74.0   60.0   90.0      3   70.33 -133.74   70.33   70.33 -133.74 -133.74     30     11160   -999.00   -999.00   -999.00   -999.00   -999.00   -999.00   -999.00   -999.00      3.01      0.00     23.40      3.22
     IOS-EBS       EBS_1   3000012   1993  105.0   91.0  120.0      4   70.33 -133.74   70.33   70.33 -133.74 -133.74     19     10800   -999.00   -999.00   -999.00   -999.00   -999.00   -999.00   -999.00   -999.00      3.43      0.00     20.80      3.06
     IOS-EBS       EBS_1   3000013   1993  135.0  121.0  151.0      5   70.33 -133.74   70.33   70.33 -133.74 -133.74     30     11160   -999.00   -999.00   -999.00   -999.00   -999.00   -999.00   -999.00   -999.00      1.40      0.00     20.20      0.66
     IOS-EBS       EBS_1   3000014   1993  166.0  152.0  181.0      6   70.33 -133.74   70.33   70.33 -133.74 -133.74     30     10800   -999.00   -999.00   -999.00   -999.00   -999.00   -999.00   -999.00   -999.00      0.00      0.00      0.10      0.00
     IOS-EBS       EBS_1   3000015   1993  196.0  182.0  212.0      7   70.33 -133.74   70.33   70.33 -133.74 -133.74     30     11160   -999.00   -999.00   -999.00   -999.00   -999.00   -999.00   -999.00   -999.00      0.00      0.00      0.10      0.00
     IOS-EBS       EBS_1   3000016   1993  227.0  213.0  243.0      8   70.33 -133.74   70.33   70.33 -133.74 -133.74     30     10800   -999.00   -999.00   -999.00   -999.00   -999.00   -999.00   -999.00   -999.00      0.00      0.00      0.10      0.00
     IOS-EBS       EBS_1   3000017   1993  258.0  244.0  273.0      9   70.33 -133.74   70.33   70.33 -133.74 -133.74     30     11160   -999.00   -999.00   -999.00   -999.00   -999.00   -999.00   -999.00   -999.00      0.00      0.00      0.10      0.00
     IOS-EBS       EBS_1   3000018   1993  288.0  274.0  304.0     10   70.33 -133.74   70.33   70.33 -133.74 -133.74     30     10800   -999.00   -999.00   -999.00   -999.00   -999.00   -999.00   -999.00   -999.00      0.06      0.00      1.40      0.01
     IOS-EBS       EBS_1   3000019   1993  319.0  305.0  334.0     11   70.33 -133.74   70.33   70.33 -133.74 -133.74     30     11160   -999.00   -999.00   -999.00   -999.00   -999.00   -999.00   -999.00   -999.00      0.50      0.00      9.50      0.45
     IOS-EBS       EBS_1   3000020   1993  349.0  335.0  365.0     12   70.33 -133.74   70.33   70.33 -133.74 -133.74     30     10440   -999.00   -999.00   -999.00   -999.00   -999.00   -999.00   -999.00   -999.00      0.74      0.00     11.40      0.59
     IOS-EBS       EBS_1   3000021   1994   15.0    1.0   31.0      1   70.33 -133.74   70.33   70.33 -133.74 -133.74     30     11160   -999.00   -999.00   -999.00   -999.00   -999.00   -999.00   -999.00   -999.00      1.16      0.00     12.50      1.10
     IOS-EBS       EBS_1   3000023   1994   74.0   60.0   90.0      3   70.33 -133.74   70.33   70.33 -133.74 -133.74     15     11160   -999.00   -999.00   -999.00   -999.00   -999.00   -999.00   -999.00   -999.00      0.83      0.00     13.70      1.62
     IOS-EBS       EBS_1   3000024   1994  105.0   91.0  120.0      4   70.33 -133.74   70.33   70.33 -133.74 -133.74     20     10800   -999.00   -999.00   -999.00   -999.00   -999.00   -999.00   -999.00   -999.00      3.87      0.00     18.10      3.09
     IOS-EBS       EBS_1   3000025   1994  135.0  121.0  151.0      5   70.33 -133.74   70.33   70.33 -133.74 -133.74     30     11160   -999.00   -999.00   -999.00   -999.00   -999.00   -999.00   -999.00   -999.00      2.34      0.00     18.60      2.70
     IOS-EBS       EBS_1   3000026   1994  166.0  152.0  181.0      6   70.33 -133.74   70.33   70.33 -133.74 -133.74     30     10800   -999.00   -999.00   -999.00   -999.00   -999.00   -999.00   -999.00   -999.00      2.70      0.00     21.60      3.42
     IOS-EBS       EBS_1   3000027   1994  196.0  182.0  212.0      7   70.33 -133.74   70.33   70.33 -133.74 -133.74     30     11160   -999.00   -999.00   -999.00   -999.00   -999.00   -999.00   -999.00   -999.00      1.40      0.00     12.20      0.62
     IOS-EBS       EBS_1   3000028   1994  227.0  213.0  243.0      8   70.33 -133.74   70.33   70.33 -133.74 -133.74     30     10800   -999.00   -999.00   -999.00   -999.00   -999.00   -999.00   -999.00   -999.00      0.00      0.00      0.10      0.00
     IOS-EBS       EBS_1   3000029   1994  258.0  244.0  273.0      9   70.33 -133.74   70.33   70.33 -133.74 -133.74     30     11160   -999.00   -999.00   -999.00   -999.00   -999.00   -999.00   -999.00   -999.00      0.00      0.00      0.10      0.00
     IOS-EBS       EBS_1   3000030   1994  288.0  274.0  304.0     10   70.33 -133.74   70.33   70.33 -133.74 -133.74     30     10800   -999.00   -999.00   -999.00   -999.00   -999.00   -999.00   -999.00   -999.00      0.24      0.00      9.90      0.09
     IOS-EBS       EBS_1   3000031   1994  319.0  305.0  334.0     11   70.33 -133.74   70.33   70.33 -133.74 -133.74     30     11160   -999.00   -999.00   -999.00   -999.00   -999.00   -999.00   -999.00   -999.00      1.18      0.00     14.20      0.94
     IOS-EBS       EBS_1   3000032   1994  349.0  335.0  365.0     12   70.33 -133.74   70.33   70.33 -133.74 -133.74     30     10440   -999.00   -999.00   -999.00   -999.00   -999.00   -999.00   -999.00   -999.00      2.06      0.10     21.20      2.03
     IOS-EBS       EBS_1   3000033   1995   15.0    1.0   31.0      1   70.33 -133.74   70.33   70.33 -133.74 -133.74     30     11160   -999.00   -999.00   -999.00   -999.00   -999.00   -999.00   -999.00   -999.00      0.90      0.10     17.10      0.82
     IOS-EBS       EBS_1   3000034   1995   46.0   32.0   59.0      2   70.33 -133.74   70.33   70.33 -133.74 -133.74     30     10800   -999.00   -999.00   -999.00   -999.00   -999.00   -999.00   -999.00   -999.00      1.53      0.10     14.80      2.14
     IOS-EBS       EBS_1   3000035   1995   74.0   60.0   90.0      3   70.33 -133.74   70.33   70.33 -133.74 -133.74     23     11160   -999.00   -999.00   -999.00   -999.00   -999.00   -999.00   -999.00   -999.00      1.04      0.10     15.70      1.53
     IOS-EBS       EBS_1   3000036   1995  105.0   91.0  120.0      4   70.33 -133.74   70.33   70.33 -133.74 -133.74     20     10800   -999.00   -999.00   -999.00   -999.00   -999.00   -999.00   -999.00   -999.00      1.43      0.00     17.60      1.09
     IOS-EBS       EBS_1   3000037   1995  135.0  121.0  151.0      5   70.33 -133.74   70.33   70.33 -133.74 -133.74     30     11160   -999.00   -999.00   -999.00   -999.00   -999.00   -999.00   -999.00   -999.00      0.25      0.00     12.10      0.04
     IOS-EBS       EBS_1   3000038   1995  166.0  152.0  181.0      6   70.33 -133.74   70.33   70.33 -133.74 -133.74     30     10800   -999.00   -999.00   -999.00   -999.00   -999.00   -999.00   -999.00   -999.00      0.26      0.00      7.10      0.04
     IOS-EBS       EBS_1   3000039   1995  196.0  182.0  212.0      7   70.33 -133.74   70.33   70.33 -133.74 -133.74     30     11160   -999.00   -999.00   -999.00   -999.00   -999.00   -999.00   -999.00   -999.00      0.00      0.00      0.10      0.00
     IOS-EBS       EBS_1   3000040   1995  227.0  213.0  243.0      8   70.33 -133.74   70.33   70.33 -133.74 -133.74     30     10800   -999.00   -999.00   -999.00   -999.00   -999.00   -999.00   -999.00   -999.00      0.00      0.00      0.10      0.00
     IOS-EBS       EBS_1   3000041   1995  258.0  244.0  273.0      9   70.33 -133.74   70.33   70.33 -133.74 -133.74     30     11160   -999.00   -999.00   -999.00   -999.00   -999.00   -999.00   -999.00   -999.00      0.00      0.00      0.10      0.00
     IOS-EBS       EBS_1   3000042   1995  288.0  274.0  304.0     10   70.33 -133.74   70.33   70.33 -133.74 -133.74     30     10800   -999.00   -999.00   -999.00   -999.00   -999.00   -999.00   -999.00   -999.00      0.14      0.00      3.00      0.06
     IOS-EBS       EBS_1   3000043   1995  319.0  305.0  334.0     11   70.33 -133.74   70.33   70.33 -133.74 -133.74     30     11160   -999.00   -999.00   -999.00   -999.00   -999.00   -999.00   -999.00   -999.00      0.65      0.00      7.00      0.60
     IOS-EBS       EBS_1   3000044   1995  349.0  335.0  365.0     12   70.33 -133.74   70.33   70.33 -133.74 -133.74     30     10440   -999.00   -999.00   -999.00   -999.00   -999.00   -999.00   -999.00   -999.00      1.29      0.00     14.60      1.23
     IOS-EBS       EBS_1   3000045   1996   15.0    1.0   31.0      1   70.33 -133.74   70.33   70.33 -133.74 -133.74     30     11160   -999.00   -999.00   -999.00   -999.00   -999.00   -999.00   -999.00   -999.00      0.86      0.10     10.40      1.11
     IOS-EBS       EBS_1   3000046   1996   46.0   32.0   59.0      2   70.33 -133.74   70.33   70.33 -133.74 -133.74     30     10800   -999.00   -999.00   -999.00   -999.00   -999.00   -999.00   -999.00   -999.00      1.40      0.10     15.40      1.76
     IOS-EBS       EBS_1   3000047   1996   74.0   61.0   91.0      3   70.33 -133.74   70.33   70.33 -133.74 -133.74     28     11160   -999.00   -999.00   -999.00   -999.00   -999.00   -999.00   -999.00   -999.00      1.84      0.10     21.00      2.06
     IOS-EBS       EBS_1   3000048   1996  105.0   92.0  121.0      4   70.33 -133.74   70.33   70.33 -133.74 -133.74     18     10800   -999.00   -999.00   -999.00   -999.00   -999.00   -999.00   -999.00   -999.00      1.15      0.00     18.80      0.81
     IOS-EBS       EBS_1   3000049   1996  135.0  122.0  152.0      5   70.33 -133.74   70.33   70.33 -133.74 -133.74     30     11160   -999.00   -999.00   -999.00   -999.00   -999.00   -999.00   -999.00   -999.00      2.28      0.00     22.50      2.21
     IOS-EBS       EBS_1   3000050   1996  166.0  153.0  182.0      6   70.33 -133.74   70.33   70.33 -133.74 -133.74     30     10800   -999.00   -999.00   -999.00   -999.00   -999.00   -999.00   -999.00   -999.00      1.92      0.00     20.20      1.67
     IOS-EBS       EBS_1   3000051   1996  196.0  183.0  213.0      7   70.33 -133.74   70.33   70.33 -133.74 -133.74     30     11160   -999.00   -999.00   -999.00   -999.00   -999.00   -999.00   -999.00   -999.00      0.40      0.00      7.40      0.15
     IOS-EBS       EBS_1   3000052   1996  227.0  214.0  244.0      8   70.33 -133.74   70.33   70.33 -133.74 -133.74     30     10800   -999.00   -999.00   -999.00   -999.00   -999.00   -999.00   -999.00   -999.00      0.76      0.00     14.90      0.11
     IOS-EBS       EBS_1   3000053   1996  258.0  245.0  274.0      9   70.33 -133.74   70.33   70.33 -133.74 -133.74     30     11160   -999.00   -999.00   -999.00   -999.00   -999.00   -999.00   -999.00   -999.00      1.45      0.00     15.90      0.81
     IOS-EBS       EBS_1   3000054   1996  288.0  275.0  305.0     10   70.33 -133.74   70.33   70.33 -133.74 -133.74     30     10800   -999.00   -999.00   -999.00   -999.00   -999.00   -999.00   -999.00   -999.00      1.64      0.00     15.70      2.54
     IOS-EBS       EBS_1   3000055   1996  319.0  306.0  335.0     11   70.33 -133.74   70.33   70.33 -133.74 -133.74     30     11160   -999.00   -999.00   -999.00   -999.00   -999.00   -999.00   -999.00   -999.00      2.59      0.00     17.00      2.26
     IOS-EBS       EBS_1   3000056   1996  349.0  336.0  366.0     12   70.33 -133.74   70.33   70.33 -133.74 -133.74     30     10800   -999.00   -999.00   -999.00   -999.00   -999.00   -999.00   -999.00   -999.00      1.10      0.00     13.00      0.97
     IOS-EBS       EBS_1   3000057   1997   15.0    1.0   31.0      1   70.33 -133.74   70.33   70.33 -133.74 -133.74     30     11160   -999.00   -999.00   -999.00   -999.00   -999.00   -999.00   -999.00   -999.00      1.55      0.10     19.30      1.47
     IOS-EBS       EBS_1   3000058   1997   46.0   32.0   59.0      2   70.33 -133.74   70.33   70.33 -133.74 -133.74     30     10800   -999.00   -999.00   -999.00   -999.00   -999.00   -999.00   -999.00   -999.00      1.28      0.10     16.80      2.79
     IOS-EBS       EBS_1   3000059   1997   74.0   60.0   90.0      3   70.33 -133.74   70.33   70.33 -133.74 -133.74     30     11160   -999.00   -999.00   -999.00   -999.00   -999.00   -999.00   -999.00   -999.00      2.51      0.10     15.90      4.38
     IOS-EBS       EBS_1   3000060   1997  105.0   91.0  120.0      4   70.33 -133.74   70.33   70.33 -133.74 -133.74     30     10800   -999.00   -999.00   -999.00   -999.00   -999.00   -999.00   -999.00   -999.00      2.81      0.00     20.70      2.78
     IOS-EBS       EBS_1   3000061   1997  135.0  121.0  151.0      5   70.33 -133.74   70.33   70.33 -133.74 -133.74     30     11160   -999.00   -999.00   -999.00   -999.00   -999.00   -999.00   -999.00   -999.00      2.08      0.00     19.80      1.39
     IOS-EBS       EBS_1   3000062   1997  166.0  152.0  181.0      6   70.33 -133.74   70.33   70.33 -133.74 -133.74     30     10800   -999.00   -999.00   -999.00   -999.00   -999.00   -999.00   -999.00   -999.00      0.98      0.00     14.90      0.22
     IOS-EBS       EBS_1   3000063   1997  196.0  182.0  212.0      7   70.33 -133.74   70.33   70.33 -133.74 -133.74     30     11160   -999.00   -999.00   -999.00   -999.00   -999.00   -999.00   -999.00   -999.00      0.00      0.00      0.10      0.00
     IOS-EBS       EBS_1   3000064   1997  227.0  213.0  243.0      8   70.33 -133.74   70.33   70.33 -133.74 -133.74     30     10800   -999.00   -999.00   -999.00   -999.00   -999.00   -999.00   -999.00   -999.00      0.00      0.00      0.10      0.00
     IOS-EBS       EBS_1   3000065   1997  258.0  244.0  273.0      9   70.33 -133.74   70.33   70.33 -133.74 -133.74     30     11160   -999.00   -999.00   -999.00   -999.00   -999.00   -999.00   -999.00   -999.00      0.00      0.00      0.10      0.00
     IOS-EBS       EBS_1   3000066   1997  288.0  274.0  304.0     10   70.33 -133.74   70.33   70.33 -133.74 -133.74     30     10800   -999.00   -999.00   -999.00   -999.00   -999.00   -999.00   -999.00   -999.00      0.19      0.00      4.50      0.10
     IOS-EBS       EBS_1   3000067   1997  319.0  305.0  334.0     11   70.33 -133.74   70.33   70.33 -133.74 -133.74     30     11160   -999.00   -999.00   -999.00   -999.00   -999.00   -999.00   -999.00   -999.00      0.53      0.00     10.30      0.47
     IOS-EBS       EBS_1   3000068   1997  349.0  335.0  365.0     12   70.33 -133.74   70.33   70.33 -133.74 -133.74     30     10440   -999.00   -999.00   -999.00   -999.00   -999.00   -999.00   -999.00   -999.00      0.68      0.00     12.10      0.76
     IOS-EBS       EBS_1   3000069   1998   15.0    1.0   31.0      1   70.33 -133.74   70.33   70.33 -133.74 -133.74     30     11160   -999.00   -999.00   -999.00   -999.00   -999.00   -999.00   -999.00   -999.00      1.09      0.00     13.70      0.90
     IOS-EBS       EBS_1   3000070   1998   46.0   32.0   59.0      2   70.33 -133.74   70.33   70.33 -133.74 -133.74     30     10800   -999.00   -999.00   -999.00   -999.00   -999.00   -999.00   -999.00   -999.00      0.86      0.00     12.30      0.87
     IOS-EBS       EBS_1   3000071   1998   74.0   60.0   90.0      3   70.33 -133.74   70.33   70.33 -133.74 -133.74     30     11160   -999.00   -999.00   -999.00   -999.00   -999.00   -999.00   -999.00   -999.00      1.38      0.00     15.40      0.85
     IOS-EBS       EBS_1   3000072   1998  105.0   91.0  120.0      4   70.33 -133.74   70.33   70.33 -133.74 -133.74     30     10800   -999.00   -999.00   -999.00   -999.00   -999.00   -999.00   -999.00   -999.00      0.43      0.00      6.20      0.21
     IOS-EBS       EBS_1   3000073   1998  135.0  121.0  151.0      5   70.33 -133.74   70.33   70.33 -133.74 -133.74     30     11160   -999.00   -999.00   -999.00   -999.00   -999.00   -999.00   -999.00   -999.00      0.52      0.00      8.90      0.23
     IOS-EBS       EBS_1   3000074   1998  166.0  152.0  181.0      6   70.33 -133.74   70.33   70.33 -133.74 -133.74     30     10800   -999.00   -999.00   -999.00   -999.00   -999.00   -999.00   -999.00   -999.00      0.00      0.00      0.10      0.00
     IOS-EBS       EBS_1   3000075   1998  196.0  182.0  212.0      7   70.33 -133.74   70.33   70.33 -133.74 -133.74     26     11160   -999.00   -999.00   -999.00   -999.00   -999.00   -999.00   -999.00   -999.00      0.00      0.00      0.10      0.00
     IOS-EBS       EBS_1   3000077   1998  288.0  274.0  304.0     10   70.33 -133.74   70.33   70.33 -133.74 -133.74     30     10800   -999.00   -999.00   -999.00   -999.00   -999.00   -999.00   -999.00   -999.00      1.03      0.00     12.10      0.64
     IOS-EBS       EBS_1   3000078   1998  319.0  305.0  334.0     11   70.33 -133.74   70.33   70.33 -133.74 -133.74     29     11160   -999.00   -999.00   -999.00   -999.00   -999.00   -999.00   -999.00   -999.00      0.56      0.00      8.60      0.39
     IOS-EBS       EBS_1   3000079   1998  349.0  335.0  365.0     12   70.33 -133.74   70.33   70.33 -133.74 -133.74     29     10440   -999.00   -999.00   -999.00   -999.00   -999.00   -999.00   -999.00   -999.00      0.66      0.00      8.20      0.62
     IOS-EBS       EBS_1   3000080   1999   15.0    1.0   31.0      1   70.33 -133.74   70.33   70.33 -133.74 -133.74     29     11160   -999.00   -999.00   -999.00   -999.00   -999.00   -999.00   -999.00   -999.00      1.30      0.00     14.50      1.24
     IOS-EBS       EBS_1   3000081   1999   46.0   32.0   59.0      2   70.33 -133.74   70.33   70.33 -133.74 -133.74     30     10800   -999.00   -999.00   -999.00   -999.00   -999.00   -999.00   -999.00   -999.00      1.63      0.10     13.80      1.81
     IOS-EBS       EBS_1   3000082   1999   74.0   60.0   90.0      3   70.33 -133.74   70.33   70.33 -133.74 -133.74     30     11160   -999.00   -999.00   -999.00   -999.00   -999.00   -999.00   -999.00   -999.00      1.50      0.40     18.50      2.29
     IOS-EBS       EBS_1   3000083   1999  105.0   91.0  120.0      4   70.33 -133.74   70.33   70.33 -133.74 -133.74     30     10800   -999.00   -999.00   -999.00   -999.00   -999.00   -999.00   -999.00   -999.00      1.44      0.00     18.50      3.36
     IOS-EBS       EBS_1   3000084   1999  135.0  121.0  151.0      5   70.33 -133.74   70.33   70.33 -133.74 -133.74     29     11160   -999.00   -999.00   -999.00   -999.00   -999.00   -999.00   -999.00   -999.00      1.58      0.00     16.60      1.07
     IOS-EBS       EBS_1   3000085   1999  166.0  152.0  181.0      6   70.33 -133.74   70.33   70.33 -133.74 -133.74     29     10800   -999.00   -999.00   -999.00   -999.00   -999.00   -999.00   -999.00   -999.00      0.62      0.00      9.90      0.24
     IOS-EBS       EBS_1   3000086   1999  196.0  182.0  212.0      7   70.33 -133.74   70.33   70.33 -133.74 -133.74     29     11160   -999.00   -999.00   -999.00   -999.00   -999.00   -999.00   -999.00   -999.00      0.35      0.00      4.80      0.12
     IOS-EBS       EBS_1   3000087   1999  227.0  213.0  243.0      8   70.33 -133.74   70.33   70.33 -133.74 -133.74     26     10800   -999.00   -999.00   -999.00   -999.00   -999.00   -999.00   -999.00   -999.00      0.00      0.00      0.10      0.00
     IOS-EBS       EBS_1   3000088   1999  258.0  244.0  273.0      9   70.33 -133.74   70.33   70.33 -133.74 -133.74     30     11160   -999.00   -999.00   -999.00   -999.00   -999.00   -999.00   -999.00   -999.00      0.00      0.00      0.10      0.00
     IOS-EBS       EBS_1   3000089   1999  288.0  274.0  304.0     10   70.33 -133.74   70.33   70.33 -133.74 -133.74     30     10800   -999.00   -999.00   -999.00   -999.00   -999.00   -999.00   -999.00   -999.00      0.18      0.00      3.40      0.13
     IOS-EBS       EBS_1   3000090   1999  319.0  305.0  334.0     11   70.33 -133.74   70.33   70.33 -133.74 -133.74     30     11160   -999.00   -999.00   -999.00   -999.00   -999.00   -999.00   -999.00   -999.00      0.62      0.00      8.80      0.58
     IOS-EBS       EBS_1   3000091   1999  349.0  335.0  365.0     12   70.33 -133.74   70.33   70.33 -133.74 -133.74     30     10440   -999.00   -999.00   -999.00   -999.00   -999.00   -999.00   -999.00   -999.00      0.94      0.00     15.10      0.90
     IOS-EBS       EBS_1   3000092   2000   15.0    1.0   31.0      1   70.33 -133.74   70.33   70.33 -133.74 -133.74     30     11160   -999.00   -999.00   -999.00   -999.00   -999.00   -999.00   -999.00   -999.00      1.59      0.00     20.50      1.34
     IOS-EBS       EBS_1   3000093   2000   46.0   32.0   59.0      2   70.33 -133.74   70.33   70.33 -133.74 -133.74     30     10800   -999.00   -999.00   -999.00   -999.00   -999.00   -999.00   -999.00   -999.00      1.47      0.00     17.10      1.90
     IOS-EBS       EBS_1   3000094   2000   74.0   61.0   91.0      3   70.33 -133.74   70.33   70.33 -133.74 -133.74     30     11160   -999.00   -999.00   -999.00   -999.00   -999.00   -999.00   -999.00   -999.00      0.68      1.00      4.60      1.89
     IOS-EBS       EBS_1   3000095   2000  105.0   92.0  121.0      4   70.33 -133.74   70.33   70.33 -133.74 -133.74     30     10800   -999.00   -999.00   -999.00   -999.00   -999.00   -999.00   -999.00   -999.00      1.14      0.20     11.40      2.00
     IOS-EBS       EBS_1   3000096   2000  135.0  122.0  152.0      5   70.33 -133.74   70.33   70.33 -133.74 -133.74     30     11160   -999.00   -999.00   -999.00   -999.00   -999.00   -999.00   -999.00   -999.00      2.68      0.00     25.30      3.54
     IOS-EBS       EBS_1   3000097   2000  166.0  153.0  182.0      6   70.33 -133.74   70.33   70.33 -133.74 -133.74     30     10800   -999.00   -999.00   -999.00   -999.00   -999.00   -999.00   -999.00   -999.00      2.61      0.00     19.60      2.78
     IOS-EBS       EBS_1   3000098   2000  196.0  183.0  213.0      7   70.33 -133.74   70.33   70.33 -133.74 -133.74     30     11160   -999.00   -999.00   -999.00   -999.00   -999.00   -999.00   -999.00   -999.00      2.05      0.00     21.00      1.63
     IOS-EBS       EBS_1   3000099   2000  227.0  214.0  244.0      8   70.33 -133.74   70.33   70.33 -133.74 -133.74     30     10800   -999.00   -999.00   -999.00   -999.00   -999.00   -999.00   -999.00   -999.00      0.96      0.00     14.70      0.12
     IOS-EBS       EBS_1   3000100   2000  258.0  245.0  274.0      9   70.33 -133.74   70.33   70.33 -133.74 -133.74     17     11160   -999.00   -999.00   -999.00   -999.00   -999.00   -999.00   -999.00   -999.00      0.50      0.00     14.50      0.03
     IOS-EBS       EBS_1   3000101   2000  288.0  275.0  305.0     10   70.33 -133.74   70.33   70.33 -133.74 -133.74     30     10800   -999.00   -999.00   -999.00   -999.00   -999.00   -999.00   -999.00   -999.00      0.25      0.00      4.30      0.21
     IOS-EBS       EBS_1   3000102   2000  319.0  306.0  335.0     11   70.33 -133.74   70.33   70.33 -133.74 -133.74     30     11160   -999.00   -999.00   -999.00   -999.00   -999.00   -999.00   -999.00   -999.00      0.49      0.00      7.00      0.53
     IOS-EBS       EBS_1   3000103   2000  349.0  336.0  366.0     12   70.33 -133.74   70.33   70.33 -133.74 -133.74     30     10800   -999.00   -999.00   -999.00   -999.00   -999.00   -999.00   -999.00   -999.00      0.82      0.10     10.60      0.97
     IOS-EBS       EBS_1   3000104   2001   15.0    1.0   31.0      1   70.33 -133.74   70.33   70.33 -133.74 -133.74     30     11160   -999.00   -999.00   -999.00   -999.00   -999.00   -999.00   -999.00   -999.00      1.12      0.10     11.00      1.24
     IOS-EBS       EBS_1   3000105   2001   46.0   32.0   59.0      2   70.33 -133.74   70.33   70.33 -133.74 -133.74     30     10800   -999.00   -999.00   -999.00   -999.00   -999.00   -999.00   -999.00   -999.00      1.05      0.00     12.70      1.44
     IOS-EBS       EBS_1   3000106   2001   74.0   60.0   90.0      3   70.33 -133.74   70.33   70.33 -133.74 -133.74     30     11160   -999.00   -999.00   -999.00   -999.00   -999.00   -999.00   -999.00   -999.00      1.48      0.30     25.50      2.28
     IOS-EBS       EBS_1   3000107   2001  105.0   91.0  120.0      4   70.33 -133.74   70.33   70.33 -133.74 -133.74     30     10800   -999.00   -999.00   -999.00   -999.00   -999.00   -999.00   -999.00   -999.00      1.30      0.10     14.20      1.87
     IOS-EBS       EBS_1   3000108   2001  135.0  121.0  151.0      5   70.33 -133.74   70.33   70.33 -133.74 -133.74     30     11160   -999.00   -999.00   -999.00   -999.00   -999.00   -999.00   -999.00   -999.00      1.23      0.00     13.30      1.87
     IOS-EBS       EBS_1   3000109   2001  166.0  152.0  181.0      6   70.33 -133.74   70.33   70.33 -133.74 -133.74     30     10800   -999.00   -999.00   -999.00   -999.00   -999.00   -999.00   -999.00   -999.00      1.95      0.00     18.70      2.13
     IOS-EBS       EBS_1   3000110   2001  196.0  182.0  212.0      7   70.33 -133.74   70.33   70.33 -133.74 -133.74     30     11160   -999.00   -999.00   -999.00   -999.00   -999.00   -999.00   -999.00   -999.00      1.15      0.00     13.10      0.84
     IOS-EBS       EBS_1   3000111   2001  227.0  213.0  243.0      8   70.33 -133.74   70.33   70.33 -133.74 -133.74     30     10800   -999.00   -999.00   -999.00   -999.00   -999.00   -999.00   -999.00   -999.00      0.72      0.00     10.40      0.19
     IOS-EBS       EBS_1   3000112   2001  258.0  244.0  273.0      9   70.33 -133.74   70.33   70.33 -133.74 -133.74     23     11160   -999.00   -999.00   -999.00   -999.00   -999.00   -999.00   -999.00   -999.00      0.00      0.00      0.10      0.00
     IOS-EBS       EBS_1   3000113   2001  288.0  274.0  304.0     10   70.33 -133.74   70.33   70.33 -133.74 -133.74     30     10800   -999.00   -999.00   -999.00   -999.00   -999.00   -999.00   -999.00   -999.00      0.26      0.00      4.10      0.13
     IOS-EBS       EBS_1   3000114   2001  319.0  305.0  334.0     11   70.33 -133.74   70.33   70.33 -133.74 -133.74     30     11160   -999.00   -999.00   -999.00   -999.00   -999.00   -999.00   -999.00   -999.00      0.57      0.00      7.10      0.51
     IOS-EBS       EBS_1   3000115   2001  349.0  335.0  365.0     12   70.33 -133.74   70.33   70.33 -133.74 -133.74     30     10440   -999.00   -999.00   -999.00   -999.00   -999.00   -999.00   -999.00   -999.00      0.84      0.00     10.40      0.92
     IOS-EBS       EBS_1   3000116   2002   15.0    1.0   31.0      1   70.33 -133.74   70.33   70.33 -133.74 -133.74     30     11160   -999.00   -999.00   -999.00   -999.00   -999.00   -999.00   -999.00   -999.00      1.35      0.00     14.40      1.39
     IOS-EBS       EBS_1   3000117   2002   46.0   32.0   59.0      2   70.33 -133.74   70.33   70.33 -133.74 -133.74     30     10800   -999.00   -999.00   -999.00   -999.00   -999.00   -999.00   -999.00   -999.00      1.84      0.00     15.90      2.57
     IOS-EBS       EBS_1   3000118   2002   74.0   60.0   90.0      3   70.33 -133.74   70.33   70.33 -133.74 -133.74     30     11160   -999.00   -999.00   -999.00   -999.00   -999.00   -999.00   -999.00   -999.00      1.39      0.10     16.10      1.54
     IOS-EBS       EBS_1   3000119   2002  105.0   91.0  120.0      4   70.33 -133.74   70.33   70.33 -133.74 -133.74     30     10800   -999.00   -999.00   -999.00   -999.00   -999.00   -999.00   -999.00   -999.00      1.40      0.00     16.20      2.31
     IOS-EBS       EBS_1   3000120   2002  135.0  121.0  151.0      5   70.33 -133.74   70.33   70.33 -133.74 -133.74     30     11160   -999.00   -999.00   -999.00   -999.00   -999.00   -999.00   -999.00   -999.00      2.07      0.00     21.90      2.01
     IOS-EBS       EBS_1   3000121   2002  166.0  152.0  181.0      6   70.33 -133.74   70.33   70.33 -133.74 -133.74     30     10800   -999.00   -999.00   -999.00   -999.00   -999.00   -999.00   -999.00   -999.00      1.49      0.00     15.40      1.16
     IOS-EBS       EBS_1   3000122   2002  196.0  182.0  212.0      7   70.33 -133.74   70.33   70.33 -133.74 -133.74     30     11160   -999.00   -999.00   -999.00   -999.00   -999.00   -999.00   -999.00   -999.00      0.63      0.00     10.20      0.22
     IOS-EBS       EBS_1   3000123   2002  227.0  213.0  243.0      8   70.33 -133.74   70.33   70.33 -133.74 -133.74     30     10800   -999.00   -999.00   -999.00   -999.00   -999.00   -999.00   -999.00   -999.00      1.09      0.00     14.10      0.55
     IOS-EBS       EBS_1   3000124   2002  258.0  244.0  273.0      9   70.33 -133.74   70.33   70.33 -133.74 -133.74     25     11160   -999.00   -999.00   -999.00   -999.00   -999.00   -999.00   -999.00   -999.00      0.19      0.00      4.80      0.01
     IOS-EBS       EBS_1   3000125   2002  288.0  274.0  304.0     10   70.33 -133.74   70.33   70.33 -133.74 -133.74     30     10800   -999.00   -999.00   -999.00   -999.00   -999.00   -999.00   -999.00   -999.00      0.39      0.00      5.80      0.32
     IOS-EBS       EBS_1   3000126   2002  319.0  305.0  334.0     11   70.33 -133.74   70.33   70.33 -133.74 -133.74     30     11160   -999.00   -999.00   -999.00   -999.00   -999.00   -999.00   -999.00   -999.00      0.61      0.00      6.60      0.52
     IOS-EBS       EBS_1   3000127   2002  349.0  335.0  365.0     12   70.33 -133.74   70.33   70.33 -133.74 -133.74     30     10440   -999.00   -999.00   -999.00   -999.00   -999.00   -999.00   -999.00   -999.00      0.74      0.00     10.50      0.65
     IOS-EBS       EBS_1   3000128   2003   15.0    1.0   31.0      1   70.33 -133.74   70.33   70.33 -133.74 -133.74     30     11160   -999.00   -999.00   -999.00   -999.00   -999.00   -999.00   -999.00   -999.00      1.20      0.10     13.90      1.09
     IOS-EBS       EBS_1   3000129   2003   46.0   32.0   59.0      2   70.33 -133.74   70.33   70.33 -133.74 -133.74     30     10800   -999.00   -999.00   -999.00   -999.00   -999.00   -999.00   -999.00   -999.00      1.12      0.10     13.30      1.17
     IOS-EBS       EBS_1   3000130   2003   74.0   60.0   90.0      3   70.33 -133.74   70.33   70.33 -133.74 -133.74     30     11160   -999.00   -999.00   -999.00   -999.00   -999.00   -999.00   -999.00   -999.00      0.95      0.00     16.70      1.25
     IOS-EBS       EBS_1   3000131   2003  105.0   91.0  120.0      4   70.33 -133.74   70.33   70.33 -133.74 -133.74     30     10800   -999.00   -999.00   -999.00   -999.00   -999.00   -999.00   -999.00   -999.00      2.27      0.00     26.40      2.07
     IOS-EBS       EBS_1   3000132   2003  135.0  121.0  151.0      5   70.33 -133.74   70.33   70.33 -133.74 -133.74     30     11160   -999.00   -999.00   -999.00   -999.00   -999.00   -999.00   -999.00   -999.00      2.75      0.00     21.80      2.40
     IOS-EBS       EBS_1   3000133   2003  166.0  152.0  181.0      6   70.33 -133.74   70.33   70.33 -133.74 -133.74     30     10800   -999.00   -999.00   -999.00   -999.00   -999.00   -999.00   -999.00   -999.00      0.91      0.00     13.20      0.80
     IOS-EBS       EBS_1   3000134   2003  196.0  182.0  212.0      7   70.33 -133.74   70.33   70.33 -133.74 -133.74     30     11160   -999.00   -999.00   -999.00   -999.00   -999.00   -999.00   -999.00   -999.00      0.78      0.00     12.30      0.37
     IOS-EBS       EBS_1   3000135   2003  227.0  213.0  243.0      8   70.33 -133.74   70.33   70.33 -133.74 -133.74     30     10800   -999.00   -999.00   -999.00   -999.00   -999.00   -999.00   -999.00   -999.00      1.66      0.00     20.00      1.17
     IOS-EBS       EBS_1   3000136   2003  258.0  244.0  273.0      9   70.33 -133.74   70.33   70.33 -133.74 -133.74     13      5066   -999.00   -999.00   -999.00   -999.00   -999.00   -999.00   -999.00   -999.00      1.48      0.00     13.90      0.86
     IOS-EBS       EBS_2   3010000   1990  105.0   91.0  120.0      4   70.95 -133.69   70.95   70.95 -133.69 -133.69     27      9990   -999.00   -999.00   -999.00   -999.00   -999.00   -999.00   -999.00   -999.00      2.30      0.00     24.90      3.78
     IOS-EBS       EBS_2   3010001   1990  135.0  121.0  151.0      5   70.95 -133.69   70.95   70.95 -133.69 -133.69     30     11160   -999.00   -999.00   -999.00   -999.00   -999.00   -999.00   -999.00   -999.00      2.64      0.00     26.40      2.84
     IOS-EBS       EBS_2   3010002   1990  166.0  152.0  181.0      6   70.95 -133.69   70.95   70.95 -133.69 -133.69     30     10800   -999.00   -999.00   -999.00   -999.00   -999.00   -999.00   -999.00   -999.00      0.00      0.00      0.10      0.00
     IOS-EBS       EBS_2   3010003   1990  196.0  182.0  212.0      7   70.95 -133.69   70.95   70.95 -133.69 -133.69     30     11160   -999.00   -999.00   -999.00   -999.00   -999.00   -999.00   -999.00   -999.00      0.00      0.00      0.10      0.00
     IOS-EBS       EBS_2   3010004   1990  227.0  213.0  243.0      8   70.95 -133.69   70.95   70.95 -133.69 -133.69     27     10800   -999.00   -999.00   -999.00   -999.00   -999.00   -999.00   -999.00   -999.00      0.00      0.00      0.10      0.00
     IOS-EBS       EBS_2   3010006   1991  105.0   91.0  120.0      4   70.95 -133.69   70.95   70.95 -133.69 -133.69     30     10800   -999.00   -999.00   -999.00   -999.00   -999.00   -999.00   -999.00   -999.00      2.94      0.00     22.50      3.15
     IOS-EBS       EBS_2   3010007   1991  135.0  121.0  151.0      5   70.95 -133.69   70.95   70.95 -133.69 -133.69     30     11160   -999.00   -999.00   -999.00   -999.00   -999.00   -999.00   -999.00   -999.00      3.06      0.00     32.50      2.50
     IOS-EBS       EBS_2   3010008   1991  166.0  152.0  181.0      6   70.95 -133.69   70.95   70.95 -133.69 -133.69     30     10800   -999.00   -999.00   -999.00   -999.00   -999.00   -999.00   -999.00   -999.00      1.01      0.00     11.60      0.49
     IOS-EBS       EBS_2   3010009   1991  196.0  182.0  212.0      7   70.95 -133.69   70.95   70.95 -133.69 -133.69     30     11160   -999.00   -999.00   -999.00   -999.00   -999.00   -999.00   -999.00   -999.00      2.60      0.00     35.70      2.29
     IOS-EBS       EBS_2   3010010   1991  227.0  213.0  243.0      8   70.95 -133.69   70.95   70.95 -133.69 -133.69     30     10800   -999.00   -999.00   -999.00   -999.00   -999.00   -999.00   -999.00   -999.00      2.77      0.00     31.90      4.05
     IOS-EBS       EBS_2   3010012   1992  105.0   92.0  121.0      4   70.95 -133.69   70.95   70.95 -133.69 -133.69     11     10800   -999.00   -999.00   -999.00   -999.00   -999.00   -999.00   -999.00   -999.00      1.35      0.00     13.20      1.94
     IOS-EBS       EBS_2   3010013   1992  135.0  122.0  152.0      5   70.95 -133.69   70.95   70.95 -133.69 -133.69     30     11160   -999.00   -999.00   -999.00   -999.00   -999.00   -999.00   -999.00   -999.00      1.86      0.00     24.50      2.71
     IOS-EBS       EBS_2   3010014   1992  166.0  153.0  182.0      6   70.95 -133.69   70.95   70.95 -133.69 -133.69     30     10800   -999.00   -999.00   -999.00   -999.00   -999.00   -999.00   -999.00   -999.00      2.27      0.00     20.30      3.18
     IOS-EBS       EBS_2   3010015   1992  196.0  183.0  213.0      7   70.95 -133.69   70.95   70.95 -133.69 -133.69     30     11160   -999.00   -999.00   -999.00   -999.00   -999.00   -999.00   -999.00   -999.00      1.59      0.00     16.20      1.86
     IOS-EBS       EBS_2   3010016   1992  227.0  214.0  244.0      8   70.95 -133.69   70.95   70.95 -133.69 -133.69     30     10800   -999.00   -999.00   -999.00   -999.00   -999.00   -999.00   -999.00   -999.00      1.22      0.00     19.90      0.58
     IOS-EBS       EBS_2   3010017   1992  258.0  245.0  274.0      9   70.95 -133.69   70.95   70.95 -133.69 -133.69     30     11160   -999.00   -999.00   -999.00   -999.00   -999.00   -999.00   -999.00   -999.00      2.11      0.00     12.10      1.28
     IOS-EBS       EBS_2   3010018   1992  288.0  275.0  305.0     10   70.95 -133.69   70.95   70.95 -133.69 -133.69     30     10800   -999.00   -999.00   -999.00   -999.00   -999.00   -999.00   -999.00   -999.00      0.72      4.60     13.40      4.75
     IOS-EBS       EBS_2   3010025   1993  135.0  121.0  151.0      5   70.95 -133.69   70.95   70.95 -133.69 -133.69     30     11160   -999.00   -999.00   -999.00   -999.00   -999.00   -999.00   -999.00   -999.00      2.09      0.00     20.10      2.52
     IOS-EBS       EBS_2   3010026   1993  166.0  152.0  181.0      6   70.95 -133.69   70.95   70.95 -133.69 -133.69     30     10800   -999.00   -999.00   -999.00   -999.00   -999.00   -999.00   -999.00   -999.00      0.34      0.00      7.90      0.09
     IOS-EBS       EBS_2   3010027   1993  196.0  182.0  212.0      7   70.95 -133.69   70.95   70.95 -133.69 -133.69     30     11160   -999.00   -999.00   -999.00   -999.00   -999.00   -999.00   -999.00   -999.00      0.00      0.00      0.10      0.00
     IOS-EBS       EBS_2   3010028   1993  227.0  213.0  243.0      8   70.95 -133.69   70.95   70.95 -133.69 -133.69     30     10800   -999.00   -999.00   -999.00   -999.00   -999.00   -999.00   -999.00   -999.00      0.00      0.00      0.10      0.00
     IOS-EBS       EBS_2   3010029   1993  258.0  244.0  273.0      9   70.95 -133.69   70.95   70.95 -133.69 -133.69     30     11160   -999.00   -999.00   -999.00   -999.00   -999.00   -999.00   -999.00   -999.00      0.00      0.00      0.10      0.00
     IOS-EBS       EBS_2   3010030   1993  288.0  274.0  304.0     10   70.95 -133.69   70.95   70.95 -133.69 -133.69     30     10800   -999.00   -999.00   -999.00   -999.00   -999.00   -999.00   -999.00   -999.00      0.00      0.00      0.10      0.00
     IOS-EBS       EBS_2   3010031   1993  319.0  305.0  334.0     11   70.95 -133.69   70.95   70.95 -133.69 -133.69     30     11160   -999.00   -999.00   -999.00   -999.00   -999.00   -999.00   -999.00   -999.00      0.66      0.00     12.50      0.56
     IOS-EBS       EBS_2   3010032   1993  349.0  335.0  365.0     12   70.95 -133.69   70.95   70.95 -133.69 -133.69     30     10440   -999.00   -999.00   -999.00   -999.00   -999.00   -999.00   -999.00   -999.00      1.09      0.00     11.60      1.16
     IOS-EBS       EBS_2   3010033   1994   15.0    1.0   31.0      1   70.95 -133.69   70.95   70.95 -133.69 -133.69     30     11160   -999.00   -999.00   -999.00   -999.00   -999.00   -999.00   -999.00   -999.00      1.49      0.10     15.70      1.30
     IOS-EBS       EBS_2   3010034   1994   46.0   32.0   59.0      2   70.95 -133.69   70.95   70.95 -133.69 -133.69     30     10800   -999.00   -999.00   -999.00   -999.00   -999.00   -999.00   -999.00   -999.00      1.00      0.00     13.30      1.16
     IOS-EBS       EBS_2   3010035   1994   74.0   60.0   90.0      3   70.95 -133.69   70.95   70.95 -133.69 -133.69     24     11160   -999.00   -999.00   -999.00   -999.00   -999.00   -999.00   -999.00   -999.00      1.60      0.00     12.00      1.70
     IOS-EBS       EBS_2   3010036   1994  105.0   91.0  120.0      4   70.95 -133.69   70.95   70.95 -133.69 -133.69     19     10800   -999.00   -999.00   -999.00   -999.00   -999.00   -999.00   -999.00   -999.00      1.17      0.00     16.10      1.96
     IOS-EBS       EBS_2   3010037   1994  135.0  121.0  151.0      5   70.95 -133.69   70.95   70.95 -133.69 -133.69     30     11160   -999.00   -999.00   -999.00   -999.00   -999.00   -999.00   -999.00   -999.00      1.56      0.00     20.10      2.10
     IOS-EBS       EBS_2   3010038   1994  166.0  152.0  181.0      6   70.95 -133.69   70.95   70.95 -133.69 -133.69     30     10800   -999.00   -999.00   -999.00   -999.00   -999.00   -999.00   -999.00   -999.00      1.60      0.00     15.70      2.18
     IOS-EBS       EBS_2   3010039   1994  196.0  182.0  212.0      7   70.95 -133.69   70.95   70.95 -133.69 -133.69     30     11160   -999.00   -999.00   -999.00   -999.00   -999.00   -999.00   -999.00   -999.00      1.43      0.00     16.10      1.53
     IOS-EBS       EBS_2   3010040   1994  227.0  213.0  243.0      8   70.95 -133.69   70.95   70.95 -133.69 -133.69     30     10800   -999.00   -999.00   -999.00   -999.00   -999.00   -999.00   -999.00   -999.00      0.51      0.00     13.10      0.04
     IOS-EBS       EBS_2   3010041   1994  258.0  244.0  273.0      9   70.95 -133.69   70.95   70.95 -133.69 -133.69     30     11160   -999.00   -999.00   -999.00   -999.00   -999.00   -999.00   -999.00   -999.00      1.54      0.00     19.30      0.45
     IOS-EBS       EBS_2   3010042   1994  288.0  274.0  304.0     10   70.95 -133.69   70.95   70.95 -133.69 -133.69     30     10800   -999.00   -999.00   -999.00   -999.00   -999.00   -999.00   -999.00   -999.00      1.64      0.00     19.70      0.71
     IOS-EBS       EBS_2   3010043   1994  319.0  305.0  334.0     11   70.95 -133.69   70.95   70.95 -133.69 -133.69     30     11160   -999.00   -999.00   -999.00   -999.00   -999.00   -999.00   -999.00   -999.00      1.67      0.00     15.00      1.52
     IOS-EBS       EBS_2   3010044   1994  349.0  335.0  365.0     12   70.95 -133.69   70.95   70.95 -133.69 -133.69     30     10440   -999.00   -999.00   -999.00   -999.00   -999.00   -999.00   -999.00   -999.00      1.72      0.00     14.20      1.79
     IOS-EBS       EBS_2   3010045   1995   15.0    1.0   31.0      1   70.95 -133.69   70.95   70.95 -133.69 -133.69     30     11160   -999.00   -999.00   -999.00   -999.00   -999.00   -999.00   -999.00   -999.00      2.05      0.00     17.90      2.23
     IOS-EBS       EBS_2   3010046   1995   46.0   32.0   59.0      2   70.95 -133.69   70.95   70.95 -133.69 -133.69     30     10800   -999.00   -999.00   -999.00   -999.00   -999.00   -999.00   -999.00   -999.00      1.23      0.00     15.20      1.64
     IOS-EBS       EBS_2   3010047   1995   74.0   60.0   90.0      3   70.95 -133.69   70.95   70.95 -133.69 -133.69     23     11160   -999.00   -999.00   -999.00   -999.00   -999.00   -999.00   -999.00   -999.00      1.28      0.50     16.90      2.17
     IOS-EBS       EBS_2   3010048   1996  105.0   92.0  121.0      4   70.95 -133.69   70.95   70.95 -133.69 -133.69     18     10800   -999.00   -999.00   -999.00   -999.00   -999.00   -999.00   -999.00   -999.00      2.08      0.00     19.40      2.43
     IOS-EBS       EBS_2   3010049   1996  135.0  122.0  152.0      5   70.95 -133.69   70.95   70.95 -133.69 -133.69     30     11160   -999.00   -999.00   -999.00   -999.00   -999.00   -999.00   -999.00   -999.00      1.74      0.00     15.20      2.09
     IOS-EBS       EBS_2   3010050   1996  166.0  153.0  182.0      6   70.95 -133.69   70.95   70.95 -133.69 -133.69     30     10800   -999.00   -999.00   -999.00   -999.00   -999.00   -999.00   -999.00   -999.00      1.84      0.00     23.30      2.08
     IOS-EBS       EBS_2   3010051   1996  196.0  183.0  213.0      7   70.95 -133.69   70.95   70.95 -133.69 -133.69     30     11160   -999.00   -999.00   -999.00   -999.00   -999.00   -999.00   -999.00   -999.00      1.52      0.00     15.90      1.58
     IOS-EBS       EBS_2   3010052   1996  227.0  214.0  244.0      8   70.95 -133.69   70.95   70.95 -133.69 -133.69     30     10800   -999.00   -999.00   -999.00   -999.00   -999.00   -999.00   -999.00   -999.00      2.16      0.00     21.00      1.61
     IOS-EBS       EBS_2   3010053   1996  258.0  245.0  274.0      9   70.95 -133.69   70.95   70.95 -133.69 -133.69     30     11160   -999.00   -999.00   -999.00   -999.00   -999.00   -999.00   -999.00   -999.00      1.64      0.00     21.00      2.31
     IOS-EBS       EBS_2   3010054   1996  288.0  275.0  305.0     10   70.95 -133.69   70.95   70.95 -133.69 -133.69     30     10800   -999.00   -999.00   -999.00   -999.00   -999.00   -999.00   -999.00   -999.00      1.41      0.00     13.30      2.24
     IOS-EBS       EBS_2   3010055   1996  319.0  306.0  335.0     11   70.95 -133.69   70.95   70.95 -133.69 -133.69     30     11160   -999.00   -999.00   -999.00   -999.00   -999.00   -999.00   -999.00   -999.00      1.89      0.00     19.50      2.82
     IOS-EBS       EBS_2   3010056   1996  349.0  336.0  366.0     12   70.95 -133.69   70.95   70.95 -133.69 -133.69     30     10800   -999.00   -999.00   -999.00   -999.00   -999.00   -999.00   -999.00   -999.00      2.94      0.10     19.60      2.99
     IOS-EBS       EBS_2   3010057   1997   15.0    1.0   31.0      1   70.95 -133.69   70.95   70.95 -133.69 -133.69     30     11160   -999.00   -999.00   -999.00   -999.00   -999.00   -999.00   -999.00   -999.00      2.12      0.10     25.50      2.67
     IOS-EBS       EBS_2   3010058   1997   46.0   32.0   59.0      2   70.95 -133.69   70.95   70.95 -133.69 -133.69     30     10800   -999.00   -999.00   -999.00   -999.00   -999.00   -999.00   -999.00   -999.00      2.50      0.10     19.60      4.11
     IOS-EBS       EBS_2   3010059   1997   74.0   60.0   90.0      3   70.95 -133.69   70.95   70.95 -133.69 -133.69     30     11160   -999.00   -999.00   -999.00   -999.00   -999.00   -999.00   -999.00   -999.00      2.36      0.30     19.50      2.31
     IOS-EBS       EBS_2   3010060   1997  105.0   91.0  120.0      4   70.95 -133.69   70.95   70.95 -133.69 -133.69     30     10800   -999.00   -999.00   -999.00   -999.00   -999.00   -999.00   -999.00   -999.00      3.02      0.00     27.60      3.58
     IOS-EBS       EBS_2   3010061   1997  135.0  121.0  151.0      5   70.95 -133.69   70.95   70.95 -133.69 -133.69     30     11160   -999.00   -999.00   -999.00   -999.00   -999.00   -999.00   -999.00   -999.00      2.02      0.00     19.10      2.70
     IOS-EBS       EBS_2   3010062   1997  166.0  152.0  181.0      6   70.95 -133.69   70.95   70.95 -133.69 -133.69     30     10800   -999.00   -999.00   -999.00   -999.00   -999.00   -999.00   -999.00   -999.00      1.35      0.00     16.80      0.74
     IOS-EBS       EBS_2   3010063   1997  196.0  182.0  212.0      7   70.95 -133.69   70.95   70.95 -133.69 -133.69     30     11160   -999.00   -999.00   -999.00   -999.00   -999.00   -999.00   -999.00   -999.00      0.40      0.00      7.50      0.09
     IOS-EBS       EBS_2   3010064   1997  227.0  213.0  243.0      8   70.95 -133.69   70.95   70.95 -133.69 -133.69     30     10800   -999.00   -999.00   -999.00   -999.00   -999.00   -999.00   -999.00   -999.00      0.00      0.00      0.10      0.00
     IOS-EBS       EBS_2   3010065   1997  258.0  244.0  273.0      9   70.95 -133.69   70.95   70.95 -133.69 -133.69     14     11160   -999.00   -999.00   -999.00   -999.00   -999.00   -999.00   -999.00   -999.00      0.00      0.00      0.10      0.00
     IOS-EBS       EBS_2   3010066   1997  288.0  274.0  304.0     10   70.95 -133.69   70.95   70.95 -133.69 -133.69     19     10800   -999.00   -999.00   -999.00   -999.00   -999.00   -999.00   -999.00   -999.00      0.63      0.00     12.30      0.42
     IOS-EBS       EBS_2   3010067   1997  319.0  305.0  334.0     11   70.95 -133.69   70.95   70.95 -133.69 -133.69     30     11160   -999.00   -999.00   -999.00   -999.00   -999.00   -999.00   -999.00   -999.00      0.61      0.00      9.00      0.59
     IOS-EBS       EBS_2   3010068   1997  349.0  335.0  365.0     12   70.95 -133.69   70.95   70.95 -133.69 -133.69     30     10440   -999.00   -999.00   -999.00   -999.00   -999.00   -999.00   -999.00   -999.00      1.09      0.10     12.40      1.22
     IOS-EBS       EBS_2   3010069   1998   15.0    1.0   31.0      1   70.95 -133.69   70.95   70.95 -133.69 -133.69     30     11160   -999.00   -999.00   -999.00   -999.00   -999.00   -999.00   -999.00   -999.00      1.61      0.10     20.30      1.75
     IOS-EBS       EBS_2   3010070   1998   46.0   32.0   59.0      2   70.95 -133.69   70.95   70.95 -133.69 -133.69     30     10800   -999.00   -999.00   -999.00   -999.00   -999.00   -999.00   -999.00   -999.00      1.79      0.10     20.20      2.08
     IOS-EBS       EBS_2   3010071   1998   74.0   60.0   90.0      3   70.95 -133.69   70.95   70.95 -133.69 -133.69     30     11160   -999.00   -999.00   -999.00   -999.00   -999.00   -999.00   -999.00   -999.00      1.67      0.20     15.80      1.79
     IOS-EBS       EBS_2   3010072   1998  105.0   91.0  120.0      4   70.95 -133.69   70.95   70.95 -133.69 -133.69     30     10800   -999.00   -999.00   -999.00   -999.00   -999.00   -999.00   -999.00   -999.00      1.29      0.10     17.70      1.38
     IOS-EBS       EBS_2   3010073   1998  135.0  121.0  151.0      5   70.95 -133.69   70.95   70.95 -133.69 -133.69     30     11160   -999.00   -999.00   -999.00   -999.00   -999.00   -999.00   -999.00   -999.00      1.39      0.00     10.10      0.91
     IOS-EBS       EBS_2   3010074   1998  166.0  152.0  181.0      6   70.95 -133.69   70.95   70.95 -133.69 -133.69     30     10800   -999.00   -999.00   -999.00   -999.00   -999.00   -999.00   -999.00   -999.00      0.00      0.00      0.10      0.00
     IOS-EBS       EBS_2   3010075   1998  196.0  182.0  212.0      7   70.95 -133.69   70.95   70.95 -133.69 -133.69     25     11160   -999.00   -999.00   -999.00   -999.00   -999.00   -999.00   -999.00   -999.00      0.00      0.00      0.10      0.00
     IOS-EBS       EBS_2   3010076   1998  258.0  244.0  273.0      9   70.95 -133.69   70.95   70.95 -133.69 -133.69     25     11160   -999.00   -999.00   -999.00   -999.00   -999.00   -999.00   -999.00   -999.00      0.35      0.00      4.30      0.22
     IOS-EBS       EBS_2   3010077   1998  288.0  274.0  304.0     10   70.95 -133.69   70.95   70.95 -133.69 -133.69     30     10800   -999.00   -999.00   -999.00   -999.00   -999.00   -999.00   -999.00   -999.00      0.50      0.00      8.60      0.27
     IOS-EBS       EBS_2   3010078   1998  319.0  305.0  334.0     11   70.95 -133.69   70.95   70.95 -133.69 -133.69     30     11160   -999.00   -999.00   -999.00   -999.00   -999.00   -999.00   -999.00   -999.00      0.53      0.00      9.30      0.33
     IOS-EBS       EBS_2   3010079   1998  349.0  335.0  365.0     12   70.95 -133.69   70.95   70.95 -133.69 -133.69     30     10440   -999.00   -999.00   -999.00   -999.00   -999.00   -999.00   -999.00   -999.00      1.67      0.00      9.10      1.13
     IOS-EBS       EBS_2   3010080   1999   15.0    1.0   31.0      1   70.95 -133.69   70.95   70.95 -133.69 -133.69     30     11160   -999.00   -999.00   -999.00   -999.00   -999.00   -999.00   -999.00   -999.00      1.19      0.00     10.50      1.35
     IOS-EBS       EBS_2   3010081   1999   46.0   32.0   59.0      2   70.95 -133.69   70.95   70.95 -133.69 -133.69     30     10800   -999.00   -999.00   -999.00   -999.00   -999.00   -999.00   -999.00   -999.00      1.16      0.00     16.00      1.48
     IOS-EBS       EBS_2   3010082   1999   74.0   60.0   90.0      3   70.95 -133.69   70.95   70.95 -133.69 -133.69     30     11160   -999.00   -999.00   -999.00   -999.00   -999.00   -999.00   -999.00   -999.00      0.71      0.00     11.40      1.56
     IOS-EBS       EBS_2   3010083   1999  105.0   91.0  120.0      4   70.95 -133.69   70.95   70.95 -133.69 -133.69     30     10800   -999.00   -999.00   -999.00   -999.00   -999.00   -999.00   -999.00   -999.00      1.38      0.00     13.00      2.38
     IOS-EBS       EBS_2   3010084   1999  135.0  121.0  151.0      5   70.95 -133.69   70.95   70.95 -133.69 -133.69     30     11160   -999.00   -999.00   -999.00   -999.00   -999.00   -999.00   -999.00   -999.00      1.84      0.00     19.60      2.13
     IOS-EBS       EBS_2   3010085   1999  166.0  152.0  181.0      6   70.95 -133.69   70.95   70.95 -133.69 -133.69     30     10800   -999.00   -999.00   -999.00   -999.00   -999.00   -999.00   -999.00   -999.00      0.99      0.00     13.20      1.24
     IOS-EBS       EBS_2   3010086   1999  196.0  182.0  212.0      7   70.95 -133.69   70.95   70.95 -133.69 -133.69     30     11160   -999.00   -999.00   -999.00   -999.00   -999.00   -999.00   -999.00   -999.00      2.04      0.00     26.20      1.34
     IOS-EBS       EBS_2   3010087   1999  227.0  213.0  243.0      8   70.95 -133.69   70.95   70.95 -133.69 -133.69     30     10800   -999.00   -999.00   -999.00   -999.00   -999.00   -999.00   -999.00   -999.00      1.01      0.00     13.60      0.22
     IOS-EBS       EBS_2   3010088   1999  258.0  244.0  273.0      9   70.95 -133.69   70.95   70.95 -133.69 -133.69     26     11160   -999.00   -999.00   -999.00   -999.00   -999.00   -999.00   -999.00   -999.00      0.72      0.00     10.20      0.14
     IOS-EBS       EBS_2   3010089   1999  288.0  274.0  304.0     10   70.95 -133.69   70.95   70.95 -133.69 -133.69     30     10800   -999.00   -999.00   -999.00   -999.00   -999.00   -999.00   -999.00   -999.00      0.84      0.00     15.50      0.47
     IOS-EBS       EBS_2   3010090   1999  319.0  305.0  334.0     11   70.95 -133.69   70.95   70.95 -133.69 -133.69     30     11160   -999.00   -999.00   -999.00   -999.00   -999.00   -999.00   -999.00   -999.00      0.74      0.00      9.90      0.73
     IOS-EBS       EBS_2   3010091   1999  349.0  335.0  365.0     12   70.95 -133.69   70.95   70.95 -133.69 -133.69     30     10440   -999.00   -999.00   -999.00   -999.00   -999.00   -999.00   -999.00   -999.00      0.96      0.10     10.80      1.06
     IOS-EBS       EBS_2   3010092   2000   15.0    1.0   31.0      1   70.95 -133.69   70.95   70.95 -133.69 -133.69     30     11160   -999.00   -999.00   -999.00   -999.00   -999.00   -999.00   -999.00   -999.00      1.19      0.00     12.90      1.34
     IOS-EBS       EBS_2   3010093   2000   46.0   32.0   59.0      2   70.95 -133.69   70.95   70.95 -133.69 -133.69     30     10800   -999.00   -999.00   -999.00   -999.00   -999.00   -999.00   -999.00   -999.00      1.43      0.20     13.10      2.14
     IOS-EBS       EBS_2   3010094   2000   74.0   61.0   91.0      3   70.95 -133.69   70.95   70.95 -133.69 -133.69     30     11160   -999.00   -999.00   -999.00   -999.00   -999.00   -999.00   -999.00   -999.00      0.07      0.00      1.80      1.55
     IOS-EBS       EBS_2   3010095   2000  105.0   92.0  121.0      4   70.95 -133.69   70.95   70.95 -133.69 -133.69     30     10800   -999.00   -999.00   -999.00   -999.00   -999.00   -999.00   -999.00   -999.00      1.17      0.10     17.80      2.03
     IOS-EBS       EBS_2   3010096   2000  135.0  122.0  152.0      5   70.95 -133.69   70.95   70.95 -133.69 -133.69     30     11160   -999.00   -999.00   -999.00   -999.00   -999.00   -999.00   -999.00   -999.00      1.60      0.10     18.50      2.75
     IOS-EBS       EBS_2   3010097   2000  166.0  153.0  182.0      6   70.95 -133.69   70.95   70.95 -133.69 -133.69     30     10800   -999.00   -999.00   -999.00   -999.00   -999.00   -999.00   -999.00   -999.00      1.12      0.00     13.70      1.88
     IOS-EBS       EBS_2   3010098   2000  196.0  183.0  213.0      7   70.95 -133.69   70.95   70.95 -133.69 -133.69     30     11160   -999.00   -999.00   -999.00   -999.00   -999.00   -999.00   -999.00   -999.00      0.81      0.00     10.20      1.19
     IOS-EBS       EBS_2   3010099   2000  227.0  214.0  244.0      8   70.95 -133.69   70.95   70.95 -133.69 -133.69     30     10800   -999.00   -999.00   -999.00   -999.00   -999.00   -999.00   -999.00   -999.00      0.32      0.00     10.10      0.03
     IOS-EBS       EBS_2   3010100   2000  258.0  245.0  274.0      9   70.95 -133.69   70.95   70.95 -133.69 -133.69     30     11160   -999.00   -999.00   -999.00   -999.00   -999.00   -999.00   -999.00   -999.00      0.00      0.00      0.10      0.00
     IOS-EBS       EBS_2   3010101   2000  288.0  275.0  305.0     10   70.95 -133.69   70.95   70.95 -133.69 -133.69     30     10800   -999.00   -999.00   -999.00   -999.00   -999.00   -999.00   -999.00   -999.00      0.49      0.00     13.60      0.32
     IOS-EBS       EBS_2   3010102   2000  319.0  306.0  335.0     11   70.95 -133.69   70.95   70.95 -133.69 -133.69     30     11160   -999.00   -999.00   -999.00   -999.00   -999.00   -999.00   -999.00   -999.00      0.80      0.00     10.80      0.82
     IOS-EBS       EBS_2   3010103   2000  349.0  336.0  366.0     12   70.95 -133.69   70.95   70.95 -133.69 -133.69     30     10800   -999.00   -999.00   -999.00   -999.00   -999.00   -999.00   -999.00   -999.00      1.30      0.00     17.10      1.17
     IOS-EBS       EBS_2   3010104   2001   15.0    1.0   31.0      1   70.95 -133.69   70.95   70.95 -133.69 -133.69     30     11160   -999.00   -999.00   -999.00   -999.00   -999.00   -999.00   -999.00   -999.00      1.45      0.10     18.10      1.58
     IOS-EBS       EBS_2   3010105   2001   46.0   32.0   59.0      2   70.95 -133.69   70.95   70.95 -133.69 -133.69     30     10800   -999.00   -999.00   -999.00   -999.00   -999.00   -999.00   -999.00   -999.00      1.16      0.10     13.40      1.61
     IOS-EBS       EBS_2   3010106   2001   74.0   60.0   90.0      3   70.95 -133.69   70.95   70.95 -133.69 -133.69     30     11160   -999.00   -999.00   -999.00   -999.00   -999.00   -999.00   -999.00   -999.00      3.61      0.00     13.90      3.61
     IOS-EBS       EBS_2   3010107   2001  105.0   91.0  120.0      4   70.95 -133.69   70.95   70.95 -133.69 -133.69     30     10800   -999.00   -999.00   -999.00   -999.00   -999.00   -999.00   -999.00   -999.00      1.30      0.10     13.50      2.10
     IOS-EBS       EBS_2   3010108   2001  135.0  121.0  151.0      5   70.95 -133.69   70.95   70.95 -133.69 -133.69     30     11160   -999.00   -999.00   -999.00   -999.00   -999.00   -999.00   -999.00   -999.00      1.64      0.00     17.70      2.00
     IOS-EBS       EBS_2   3010109   2001  166.0  152.0  181.0      6   70.95 -133.69   70.95   70.95 -133.69 -133.69     30     10800   -999.00   -999.00   -999.00   -999.00   -999.00   -999.00   -999.00   -999.00      1.43      0.00     18.50      1.86
     IOS-EBS       EBS_2   3010110   2001  196.0  182.0  212.0      7   70.95 -133.69   70.95   70.95 -133.69 -133.69     30     11160   -999.00   -999.00   -999.00   -999.00   -999.00   -999.00   -999.00   -999.00      1.36      0.00     14.70      0.88
     IOS-EBS       EBS_2   3010111   2001  227.0  213.0  243.0      8   70.95 -133.69   70.95   70.95 -133.69 -133.69     30     10800   -999.00   -999.00   -999.00   -999.00   -999.00   -999.00   -999.00   -999.00      1.36      0.00     13.00      0.81
     IOS-EBS       EBS_2   3010112   2001  258.0  244.0  273.0      9   70.95 -133.69   70.95   70.95 -133.69 -133.69     23     11160   -999.00   -999.00   -999.00   -999.00   -999.00   -999.00   -999.00   -999.00      0.57      0.00      9.60      0.12
     IOS-EBS       EBS_2   3010113   2001  288.0  274.0  304.0     10   70.95 -133.69   70.95   70.95 -133.69 -133.69     16      5768   -999.00   -999.00   -999.00   -999.00   -999.00   -999.00   -999.00   -999.00      1.03      0.00     11.30      0.86
     IOS-EBS       EBS_3   3020000   1991  258.0  244.0  273.0      9   70.53 -131.51   70.53   70.53 -131.51 -131.51     12      6481   -999.00   -999.00   -999.00   -999.00   -999.00   -999.00   -999.00   -999.00      0.00      0.00      0.10      0.00
     IOS-EBS       EBS_3   3020001   1991  288.0  274.0  304.0     10   70.53 -131.51   70.53   70.53 -131.51 -131.51     18     10800   -999.00   -999.00   -999.00   -999.00   -999.00   -999.00   -999.00   -999.00      0.53      0.00      6.70      0.21
     IOS-EBS       EBS_3   3020002   1991  319.0  305.0  334.0     11   70.53 -131.51   70.53   70.53 -131.51 -131.51     30     11160   -999.00   -999.00   -999.00   -999.00   -999.00   -999.00   -999.00   -999.00      0.73      0.00     11.60      0.80
     IOS-EBS       EBS_3   3020003   1991  349.0  335.0  365.0     12   70.53 -131.51   70.53   70.53 -131.51 -131.51     30     10440   -999.00   -999.00   -999.00   -999.00   -999.00   -999.00   -999.00   -999.00      1.01      0.00     17.30      1.50
     IOS-EBS       EBS_3   3020004   1992   15.0    1.0   31.0      1   70.53 -131.51   70.53   70.53 -131.51 -131.51     30     11160   -999.00   -999.00   -999.00   -999.00   -999.00   -999.00   -999.00   -999.00      1.40      0.00     14.10      1.63
     IOS-EBS       EBS_3   3020005   1992   46.0   32.0   59.0      2   70.53 -131.51   70.53   70.53 -131.51 -131.51     29     10800   -999.00   -999.00   -999.00   -999.00   -999.00   -999.00   -999.00   -999.00      0.96      0.10     14.20      1.59
     IOS-EBS       EBS_3   3020006   1992   74.0   61.0   91.0      3   70.53 -131.51   70.53   70.53 -131.51 -131.51     30     11160   -999.00   -999.00   -999.00   -999.00   -999.00   -999.00   -999.00   -999.00      1.99      0.00     15.30      2.14
     IOS-EBS       EBS_4   3030000   1992  105.0   92.0  121.0      4   71.44 -130.25   71.44   71.44 -130.25 -130.25     11      3960   -999.00   -999.00   -999.00   -999.00   -999.00   -999.00   -999.00   -999.00      1.61      0.00     22.60      2.13
     IOS-EBS       EBS_4   3030001   1992  135.0  122.0  152.0      5   71.44 -130.25   71.44   71.44 -130.25 -130.25     30     11160   -999.00   -999.00   -999.00   -999.00   -999.00   -999.00   -999.00   -999.00      2.06      0.00     19.40      2.58
     IOS-EBS       EBS_4   3030002   1992  166.0  153.0  182.0      6   71.44 -130.25   71.44   71.44 -130.25 -130.25     30     10800   -999.00   -999.00   -999.00   -999.00   -999.00   -999.00   -999.00   -999.00      1.88      0.00     18.20      2.41
     IOS-EBS       EBS_4   3030003   1992  196.0  183.0  213.0      7   71.44 -130.25   71.44   71.44 -130.25 -130.25     30     11160   -999.00   -999.00   -999.00   -999.00   -999.00   -999.00   -999.00   -999.00      1.23      0.00     14.80      1.18
     IOS-EBS       EBS_4   3030004   1992  227.0  214.0  244.0      8   71.44 -130.25   71.44   71.44 -130.25 -130.25     30     10800   -999.00   -999.00   -999.00   -999.00   -999.00   -999.00   -999.00   -999.00      1.11      0.00     11.80      0.66
     IOS-EBS       EBS_4   3030013   1993  135.0  121.0  151.0      5   71.44 -130.25   71.44   71.44 -130.25 -130.25     30     11160   -999.00   -999.00   -999.00   -999.00   -999.00   -999.00   -999.00   -999.00      2.18      0.00     18.60      2.00
     IOS-EBS       EBS_4   3030014   1993  166.0  152.0  181.0      6   71.44 -130.25   71.44   71.44 -130.25 -130.25     30     10800   -999.00   -999.00   -999.00   -999.00   -999.00   -999.00   -999.00   -999.00      0.48      0.00      8.10      0.10
     IOS-EBS       EBS_4   3030015   1993  196.0  182.0  212.0      7   71.44 -130.25   71.44   71.44 -130.25 -130.25     30     11160   -999.00   -999.00   -999.00   -999.00   -999.00   -999.00   -999.00   -999.00      0.00      0.00      0.10      0.00
     IOS-EBS       EBS_4   3030016   1993  227.0  213.0  243.0      8   71.44 -130.25   71.44   71.44 -130.25 -130.25     30     10800   -999.00   -999.00   -999.00   -999.00   -999.00   -999.00   -999.00   -999.00      0.00      0.00      0.10      0.00
     IOS-EBS       EBS_4   3030017   1993  258.0  244.0  273.0      9   71.44 -130.25   71.44   71.44 -130.25 -130.25     30     11160   -999.00   -999.00   -999.00   -999.00   -999.00   -999.00   -999.00   -999.00      0.00      0.00      0.10      0.00
     IOS-EBS       EBS_4   3030018   1993  288.0  274.0  304.0     10   71.44 -130.25   71.44   71.44 -130.25 -130.25     30     10800   -999.00   -999.00   -999.00   -999.00   -999.00   -999.00   -999.00   -999.00      0.00      0.00      0.10      0.00
     IOS-EBS       EBS_4   3030019   1993  319.0  305.0  334.0     11   71.44 -130.25   71.44   71.44 -130.25 -130.25     30     11160   -999.00   -999.00   -999.00   -999.00   -999.00   -999.00   -999.00   -999.00      0.88      0.00     16.40      0.65
     IOS-EBS       EBS_4   3030020   1993  349.0  335.0  365.0     12   71.44 -130.25   71.44   71.44 -130.25 -130.25     30     10440   -999.00   -999.00   -999.00   -999.00   -999.00   -999.00   -999.00   -999.00      1.50      0.10     17.70      1.41
     IOS-EBS       EBS_4   3030021   1994   15.0    1.0   31.0      1   71.44 -130.25   71.44   71.44 -130.25 -130.25     30     11160   -999.00   -999.00   -999.00   -999.00   -999.00   -999.00   -999.00   -999.00      1.23      0.00     15.30      1.07
     IOS-EBS       EBS_4   3030022   1994   46.0   32.0   59.0      2   71.44 -130.25   71.44   71.44 -130.25 -130.25     30     10800   -999.00   -999.00   -999.00   -999.00   -999.00   -999.00   -999.00   -999.00      2.23      0.10     25.40      2.49
     IOS-EBS       EBS_4   3030023   1994   74.0   60.0   90.0      3   71.44 -130.25   71.44   71.44 -130.25 -130.25     25     11160   -999.00   -999.00   -999.00   -999.00   -999.00   -999.00   -999.00   -999.00      3.18      0.10     27.50      3.47
     IOS-EBS       EBS_4   3030024   1994  105.0   91.0  120.0      4   71.44 -130.25   71.44   71.44 -130.25 -130.25     20     10800   -999.00   -999.00   -999.00   -999.00   -999.00   -999.00   -999.00   -999.00      1.32      0.00     14.50      1.81
     IOS-EBS       EBS_4   3030025   1994  135.0  121.0  151.0      5   71.44 -130.25   71.44   71.44 -130.25 -130.25     30     11160   -999.00   -999.00   -999.00   -999.00   -999.00   -999.00   -999.00   -999.00      1.61      0.00     17.50      2.05
     IOS-EBS       EBS_4   3030026   1994  166.0  152.0  181.0      6   71.44 -130.25   71.44   71.44 -130.25 -130.25     30     10800   -999.00   -999.00   -999.00   -999.00   -999.00   -999.00   -999.00   -999.00      2.19      0.00     22.00      2.41
     IOS-EBS       EBS_4   3030027   1994  196.0  182.0  212.0      7   71.44 -130.25   71.44   71.44 -130.25 -130.25     30     11160   -999.00   -999.00   -999.00   -999.00   -999.00   -999.00   -999.00   -999.00      2.84      0.00     26.60      2.70
     IOS-EBS       EBS_4   3030028   1994  227.0  213.0  243.0      8   71.44 -130.25   71.44   71.44 -130.25 -130.25     30     10800   -999.00   -999.00   -999.00   -999.00   -999.00   -999.00   -999.00   -999.00      0.86      0.00     12.20      0.37
     IOS-EBS       EBS_4   3030029   1994  258.0  244.0  273.0      9   71.44 -130.25   71.44   71.44 -130.25 -130.25     30     11160   -999.00   -999.00   -999.00   -999.00   -999.00   -999.00   -999.00   -999.00      2.87      0.00     22.10      2.02
     IOS-EBS       EBS_4   3030030   1994  288.0  274.0  304.0     10   71.44 -130.25   71.44   71.44 -130.25 -130.25     30     10800   -999.00   -999.00   -999.00   -999.00   -999.00   -999.00   -999.00   -999.00      1.99      0.00     18.50      1.59
     IOS-EBS       EBS_4   3030031   1994  319.0  305.0  334.0     11   71.44 -130.25   71.44   71.44 -130.25 -130.25     30     11160   -999.00   -999.00   -999.00   -999.00   -999.00   -999.00   -999.00   -999.00      1.13      0.00     13.70      0.84
     IOS-EBS       EBS_4   3030032   1994  349.0  335.0  365.0     12   71.44 -130.25   71.44   71.44 -130.25 -130.25     30     10440   -999.00   -999.00   -999.00   -999.00   -999.00   -999.00   -999.00   -999.00      1.25      0.10     17.60      1.62
     IOS-EBS       EBS_4   3030033   1995   15.0    1.0   31.0      1   71.44 -130.25   71.44   71.44 -130.25 -130.25     30     11160   -999.00   -999.00   -999.00   -999.00   -999.00   -999.00   -999.00   -999.00      1.56      0.00     14.60      1.87
     IOS-EBS       EBS_4   3030034   1995   46.0   32.0   59.0      2   71.44 -130.25   71.44   71.44 -130.25 -130.25     30     10800   -999.00   -999.00   -999.00   -999.00   -999.00   -999.00   -999.00   -999.00      0.97      0.10     17.00      1.59
     IOS-EBS       EBS_4   3030035   1995   74.0   60.0   90.0      3   71.44 -130.25   71.44   71.44 -130.25 -130.25     27     11160   -999.00   -999.00   -999.00   -999.00   -999.00   -999.00   -999.00   -999.00      1.31      0.00     17.40      2.09
     IOS-EBS       EBS_4   3030036   1995  105.0   91.0  120.0      4   71.44 -130.25   71.44   71.44 -130.25 -130.25     22     10800   -999.00   -999.00   -999.00   -999.00   -999.00   -999.00   -999.00   -999.00      1.78      0.00     17.10      2.27
     IOS-EBS       EBS_4   3030037   1995  135.0  121.0  151.0      5   71.44 -130.25   71.44   71.44 -130.25 -130.25     30     11160   -999.00   -999.00   -999.00   -999.00   -999.00   -999.00   -999.00   -999.00      1.54      0.00     17.70      1.18
     IOS-EBS       EBS_4   3030038   1995  166.0  152.0  181.0      6   71.44 -130.25   71.44   71.44 -130.25 -130.25     30     10800   -999.00   -999.00   -999.00   -999.00   -999.00   -999.00   -999.00   -999.00      0.90      0.00     12.50      0.32
     IOS-EBS       EBS_4   3030039   1995  196.0  182.0  212.0      7   71.44 -130.25   71.44   71.44 -130.25 -130.25     30     11160   -999.00   -999.00   -999.00   -999.00   -999.00   -999.00   -999.00   -999.00      0.00      0.00      0.10      0.00
     IOS-EBS       EBS_4   3030040   1995  227.0  213.0  243.0      8   71.44 -130.25   71.44   71.44 -130.25 -130.25     30     10800   -999.00   -999.00   -999.00   -999.00   -999.00   -999.00   -999.00   -999.00      0.12      0.00      5.10      0.00
     IOS-EBS       EBS_4   3030041   1995  258.0  244.0  273.0      9   71.44 -130.25   71.44   71.44 -130.25 -130.25     30     11160   -999.00   -999.00   -999.00   -999.00   -999.00   -999.00   -999.00   -999.00      0.27      0.00      9.20      0.02
     IOS-EBS       EBS_4   3030042   1995  288.0  274.0  304.0     10   71.44 -130.25   71.44   71.44 -130.25 -130.25     30     10800   -999.00   -999.00   -999.00   -999.00   -999.00   -999.00   -999.00   -999.00      0.17      0.00      3.90      0.04
     IOS-EBS       EBS_4   3030043   1995  319.0  305.0  334.0     11   71.44 -130.25   71.44   71.44 -130.25 -130.25     30     11160   -999.00   -999.00   -999.00   -999.00   -999.00   -999.00   -999.00   -999.00      0.84      0.00     10.60      0.67
     IOS-EBS       EBS_4   3030044   1995  349.0  335.0  365.0     12   71.44 -130.25   71.44   71.44 -130.25 -130.25     30     10440   -999.00   -999.00   -999.00   -999.00   -999.00   -999.00   -999.00   -999.00      1.43      0.10     16.30      1.57
     IOS-EBS       EBS_4   3030045   1996   15.0    1.0   31.0      1   71.44 -130.25   71.44   71.44 -130.25 -130.25     30     11160   -999.00   -999.00   -999.00   -999.00   -999.00   -999.00   -999.00   -999.00      1.55      0.10     13.80      1.92
     IOS-EBS       EBS_4   3030046   1996   46.0   32.0   59.0      2   71.44 -130.25   71.44   71.44 -130.25 -130.25     30     10800   -999.00   -999.00   -999.00   -999.00   -999.00   -999.00   -999.00   -999.00      1.52      0.00     16.40      1.84
     IOS-EBS       EBS_4   3030047   1996   74.0   61.0   91.0      3   71.44 -130.25   71.44   71.44 -130.25 -130.25     30     11160   -999.00   -999.00   -999.00   -999.00   -999.00   -999.00   -999.00   -999.00      2.09      0.10     18.70      2.54
     IOS-EBS       EBS_5   3040000   1996  105.0   92.0  121.0      4   73.45 -126.60   73.45   73.45 -126.60 -126.60     17      6175   -999.00   -999.00   -999.00   -999.00   -999.00   -999.00   -999.00   -999.00      2.00      0.00     21.50      1.22
     IOS-EBS       EBS_5   3040001   1996  135.0  122.0  152.0      5   73.45 -126.60   73.45   73.45 -126.60 -126.60     30     11160   -999.00   -999.00   -999.00   -999.00   -999.00   -999.00   -999.00   -999.00      1.78      0.00     23.90      0.98
     IOS-EBS       EBS_5   3040002   1996  166.0  153.0  182.0      6   73.45 -126.60   73.45   73.45 -126.60 -126.60     30     10800   -999.00   -999.00   -999.00   -999.00   -999.00   -999.00   -999.00   -999.00      3.77      0.00     36.20      2.86
     IOS-EBS       EBS_5   3040003   1996  196.0  183.0  213.0      7   73.45 -126.60   73.45   73.45 -126.60 -126.60     30     11160   -999.00   -999.00   -999.00   -999.00   -999.00   -999.00   -999.00   -999.00      3.03      0.00     30.30      3.54
     IOS-EBS       EBS_5   3040004   1996  227.0  214.0  244.0      8   73.45 -126.60   73.45   73.45 -126.60 -126.60     30     10800   -999.00   -999.00   -999.00   -999.00   -999.00   -999.00   -999.00   -999.00      2.92      0.00     23.40      4.06
     IOS-EBS       EBS_5   3040005   1996  258.0  245.0  274.0      9   73.45 -126.60   73.45   73.45 -126.60 -126.60     30     11160   -999.00   -999.00   -999.00   -999.00   -999.00   -999.00   -999.00   -999.00      2.60      0.00     20.50      3.37
     IOS-EBS       EBS_5   3040006   1996  288.0  275.0  305.0     10   73.45 -126.60   73.45   73.45 -126.60 -126.60     30     10800   -999.00   -999.00   -999.00   -999.00   -999.00   -999.00   -999.00   -999.00      1.82      0.10     17.40      2.33
     IOS-EBS       EBS_5   3040007   1996  319.0  306.0  335.0     11   73.45 -126.60   73.45   73.45 -126.60 -126.60     30     11160   -999.00   -999.00   -999.00   -999.00   -999.00   -999.00   -999.00   -999.00      1.70      0.00     21.70      2.52
     IOS-EBS       EBS_5   3040008   1996  349.0  336.0  366.0     12   73.45 -126.60   73.45   73.45 -126.60 -126.60     30     10800   -999.00   -999.00   -999.00   -999.00   -999.00   -999.00   -999.00   -999.00      2.19      0.00     22.30      1.83
     IOS-EBS       EBS_5   3040009   1997   15.0    1.0   31.0      1   73.45 -126.60   73.45   73.45 -126.60 -126.60     30     11160   -999.00   -999.00   -999.00   -999.00   -999.00   -999.00   -999.00   -999.00      2.69      0.10     17.90      3.74
     IOS-EBS       EBS_5   3040010   1997   46.0   32.0   59.0      2   73.45 -126.60   73.45   73.45 -126.60 -126.60     30     10800   -999.00   -999.00   -999.00   -999.00   -999.00   -999.00   -999.00   -999.00      1.60      0.00     16.40      1.79
     IOS-EBS       EBS_5   3040011   1997   74.0   60.0   90.0      3   73.45 -126.60   73.45   73.45 -126.60 -126.60     30     11160   -999.00   -999.00   -999.00   -999.00   -999.00   -999.00   -999.00   -999.00      2.93      0.50     20.40      3.24
     IOS-EBS       EBS_5   3040012   1997  105.0   91.0  120.0      4   73.45 -126.60   73.45   73.45 -126.60 -126.60     30     10800   -999.00   -999.00   -999.00   -999.00   -999.00   -999.00   -999.00   -999.00      2.79      0.10     34.40      3.24
     IOS-EBS       EBS_5   3040013   1997  135.0  121.0  151.0      5   73.45 -126.60   73.45   73.45 -126.60 -126.60     30     11160   -999.00   -999.00   -999.00   -999.00   -999.00   -999.00   -999.00   -999.00      3.94      0.00     34.10      3.39
     IOS-EBS       EBS_5   3040014   1997  166.0  152.0  181.0      6   73.45 -126.60   73.45   73.45 -126.60 -126.60     30     10800   -999.00   -999.00   -999.00   -999.00   -999.00   -999.00   -999.00   -999.00      3.02      0.00     24.50      1.72
     IOS-EBS       EBS_5   3040015   1997  196.0  182.0  212.0      7   73.45 -126.60   73.45   73.45 -126.60 -126.60     30     11160   -999.00   -999.00   -999.00   -999.00   -999.00   -999.00   -999.00   -999.00      1.87      0.00     21.30      0.76
     IOS-EBS       EBS_5   3040016   1997  227.0  213.0  243.0      8   73.45 -126.60   73.45   73.45 -126.60 -126.60     30     10800   -999.00   -999.00   -999.00   -999.00   -999.00   -999.00   -999.00   -999.00      2.43      0.00     28.00      2.03
     IOS-EBS       EBS_5   3040017   1997  258.0  244.0  273.0      9   73.45 -126.60   73.45   73.45 -126.60 -126.60     30     11160   -999.00   -999.00   -999.00   -999.00   -999.00   -999.00   -999.00   -999.00      2.63      0.00     22.70      1.76
     IOS-EBS       EBS_5   3040018   1997  288.0  274.0  304.0     10   73.45 -126.60   73.45   73.45 -126.60 -126.60     30     10800   -999.00   -999.00   -999.00   -999.00   -999.00   -999.00   -999.00   -999.00      1.14      0.00     13.80      0.48
     IOS-EBS       EBS_5   3040019   1997  319.0  305.0  334.0     11   73.45 -126.60   73.45   73.45 -126.60 -126.60     30     11160   -999.00   -999.00   -999.00   -999.00   -999.00   -999.00   -999.00   -999.00      0.97      0.00      9.00      0.81
     IOS-EBS       EBS_5   3040020   1997  349.0  335.0  365.0     12   73.45 -126.60   73.45   73.45 -126.60 -126.60     30     10440   -999.00   -999.00   -999.00   -999.00   -999.00   -999.00   -999.00   -999.00      1.05      0.10      9.40      0.99
     IOS-EBS       EBS_5   3040021   1998   15.0    1.0   31.0      1   73.45 -126.60   73.45   73.45 -126.60 -126.60     17      6417   -999.00   -999.00   -999.00   -999.00   -999.00   -999.00   -999.00   -999.00      1.56      0.20     17.80      1.56
     IOS-EBS       EBS_6   3050000   1997  258.0  244.0  273.0      9   74.15 -125.91   74.15   74.15 -125.91 -125.91     17      6477   -999.00   -999.00   -999.00   -999.00   -999.00   -999.00   -999.00   -999.00      1.93      0.00     16.80      0.96
     IOS-EBS       EBS_6   3050001   1997  288.0  274.0  304.0     10   74.15 -125.91   74.15   74.15 -125.91 -125.91     30     10800   -999.00   -999.00   -999.00   -999.00   -999.00   -999.00   -999.00   -999.00      2.12      0.00     19.80      1.41
     IOS-EBS       EBS_6   3050002   1997  319.0  305.0  334.0     11   74.15 -125.91   74.15   74.15 -125.91 -125.91     30     11160   -999.00   -999.00   -999.00   -999.00   -999.00   -999.00   -999.00   -999.00      1.66      0.00     15.30      1.34
     IOS-EBS       EBS_6   3050003   1997  349.0  335.0  365.0     12   74.15 -125.91   74.15   74.15 -125.91 -125.91     29     10440   -999.00   -999.00   -999.00   -999.00   -999.00   -999.00   -999.00   -999.00      1.73      0.00     15.80      1.75
     IOS-EBS       EBS_6   3050004   1998   15.0    1.0   31.0      1   74.15 -125.91   74.15   74.15 -125.91 -125.91     30     11160   -999.00   -999.00   -999.00   -999.00   -999.00   -999.00   -999.00   -999.00      3.16      0.20     30.60      4.27
     IOS-EBS       EBS_6   3050005   1998   46.0   32.0   59.0      2   74.15 -125.91   74.15   74.15 -125.91 -125.91     30     10800   -999.00   -999.00   -999.00   -999.00   -999.00   -999.00   -999.00   -999.00      1.72      0.10     16.80      1.27
     IOS-EBS       EBS_6   3050006   1998   74.0   60.0   90.0      3   74.15 -125.91   74.15   74.15 -125.91 -125.91     29     11160   -999.00   -999.00   -999.00   -999.00   -999.00   -999.00   -999.00   -999.00      1.18      0.00     15.60      1.12
     IOS-EBS       EBS_6   3050007   1998  105.0   91.0  120.0      4   74.15 -125.91   74.15   74.15 -125.91 -125.91     30     10800   -999.00   -999.00   -999.00   -999.00   -999.00   -999.00   -999.00   -999.00      0.89      0.00     18.10      0.55
     IOS-EBS       EBS_6   3050008   1998  135.0  121.0  151.0      5   74.15 -125.91   74.15   74.15 -125.91 -125.91     26      9791   -999.00   -999.00   -999.00   -999.00   -999.00   -999.00   -999.00   -999.00      1.72      0.00     25.10      0.88
     IOS-EBS       EBS_7   3060001   1998  288.0  274.0  304.0     10   73.49 -125.58   73.49   73.49 -125.58 -125.58     30     10800   -999.00   -999.00   -999.00   -999.00   -999.00   -999.00   -999.00   -999.00      1.14      0.00     14.80      0.58
     IOS-EBS       EBS_7   3060002   1998  319.0  305.0  334.0     11   73.49 -125.58   73.49   73.49 -125.58 -125.58     30     11160   -999.00   -999.00   -999.00   -999.00   -999.00   -999.00   -999.00   -999.00      0.69      0.00     13.60      0.35
     IOS-EBS       EBS_7   3060003   1998  349.0  335.0  365.0     12   73.49 -125.58   73.49   73.49 -125.58 -125.58     30     10440   -999.00   -999.00   -999.00   -999.00   -999.00   -999.00   -999.00   -999.00      1.05      0.00     15.70      0.66
     IOS-EBS       EBS_7   3060004   1999   15.0    1.0   31.0      1   73.49 -125.58   73.49   73.49 -125.58 -125.58     30     11160   -999.00   -999.00   -999.00   -999.00   -999.00   -999.00   -999.00   -999.00      2.72      0.10     16.30      2.42
     IOS-EBS       EBS_7   3060005   1999   46.0   32.0   59.0      2   73.49 -125.58   73.49   73.49 -125.58 -125.58     30     10800   -999.00   -999.00   -999.00   -999.00   -999.00   -999.00   -999.00   -999.00      0.73      0.00     11.30      0.62
     IOS-EBS       EBS_7   3060006   1999   74.0   60.0   90.0      3   73.49 -125.58   73.49   73.49 -125.58 -125.58     30     11160   -999.00   -999.00   -999.00   -999.00   -999.00   -999.00   -999.00   -999.00      0.45      0.10      6.60      0.62
     IOS-EBS       EBS_7   3060007   1999  105.0   91.0  120.0      4   73.49 -125.58   73.49   73.49 -125.58 -125.58     30     10800   -999.00   -999.00   -999.00   -999.00   -999.00   -999.00   -999.00   -999.00      0.32      0.00      8.10      0.80
     IOS-EBS       EBS_7   3060008   1999  135.0  121.0  151.0      5   73.49 -125.58   73.49   73.49 -125.58 -125.58     30     11160   -999.00   -999.00   -999.00   -999.00   -999.00   -999.00   -999.00   -999.00      1.11      0.00     11.40      0.74
     IOS-EBS       EBS_7   3060009   1999  166.0  152.0  181.0      6   73.49 -125.58   73.49   73.49 -125.58 -125.58     30     10800   -999.00   -999.00   -999.00   -999.00   -999.00   -999.00   -999.00   -999.00      1.17      0.00     16.90      0.52
     IOS-EBS       EBS_7   3060010   1999  196.0  182.0  212.0      7   73.49 -125.58   73.49   73.49 -125.58 -125.58     30     11160   -999.00   -999.00   -999.00   -999.00   -999.00   -999.00   -999.00   -999.00      2.89      0.00     25.30      2.02
     IOS-EBS       EBS_8   3070000   1998  319.0  305.0  334.0     11   72.58 -127.38   72.58   72.58 -127.38 -127.38     21      8100   -999.00   -999.00   -999.00   -999.00   -999.00   -999.00   -999.00   -999.00      0.60      0.00      8.30      0.45
     IOS-EBS       EBS_8   3070001   1998  349.0  335.0  365.0     12   72.58 -127.38   72.58   72.58 -127.38 -127.38     30     10440   -999.00   -999.00   -999.00   -999.00   -999.00   -999.00   -999.00   -999.00      0.65      0.00      7.20      0.62
     IOS-EBS       EBS_8   3070002   1999   15.0    1.0   31.0      1   72.58 -127.38   72.58   72.58 -127.38 -127.38     30     11160   -999.00   -999.00   -999.00   -999.00   -999.00   -999.00   -999.00   -999.00      1.84      0.00     16.70      1.82
     IOS-EBS       EBS_8   3070003   1999   46.0   32.0   59.0      2   72.58 -127.38   72.58   72.58 -127.38 -127.38     30     10800   -999.00   -999.00   -999.00   -999.00   -999.00   -999.00   -999.00   -999.00      1.37      0.00     17.00      1.35
     IOS-EBS       EBS_8   3070004   1999   74.0   60.0   90.0      3   72.58 -127.38   72.58   72.58 -127.38 -127.38     30     11160   -999.00   -999.00   -999.00   -999.00   -999.00   -999.00   -999.00   -999.00      1.12      0.10     13.30      1.08
     IOS-EBS       EBS_8   3070005   1999  105.0   91.0  120.0      4   72.58 -127.38   72.58   72.58 -127.38 -127.38     30     10800   -999.00   -999.00   -999.00   -999.00   -999.00   -999.00   -999.00   -999.00      2.62      0.00     12.00      2.62
     IOS-EBS       EBS_8   3070006   1999  135.0  121.0  151.0      5   72.58 -127.38   72.58   72.58 -127.38 -127.38     30     11160   -999.00   -999.00   -999.00   -999.00   -999.00   -999.00   -999.00   -999.00      1.78      0.00     19.20      0.99
     IOS-EBS       EBS_8   3070007   1999  166.0  152.0  181.0      6   72.58 -127.38   72.58   72.58 -127.38 -127.38     30     10800   -999.00   -999.00   -999.00   -999.00   -999.00   -999.00   -999.00   -999.00      1.17      0.00     13.10      1.10
     IOS-EBS       EBS_8   3070008   1999  196.0  182.0  212.0      7   72.58 -127.38   72.58   72.58 -127.38 -127.38     30     11160   -999.00   -999.00   -999.00   -999.00   -999.00   -999.00   -999.00   -999.00      2.78      0.00     26.80      1.62
     IOS-EBS       EBS_8   3070009   1999  227.0  213.0  243.0      8   72.58 -127.38   72.58   72.58 -127.38 -127.38     29     10800   -999.00   -999.00   -999.00   -999.00   -999.00   -999.00   -999.00   -999.00      0.93      0.00     16.30      0.20
     IOS-EBS       EBS_8   3070010   1999  258.0  244.0  273.0      9   72.58 -127.38   72.58   72.58 -127.38 -127.38     30     11160   -999.00   -999.00   -999.00   -999.00   -999.00   -999.00   -999.00   -999.00      0.77      0.00     12.60      0.16
     IOS-EBS       EBS_8   3070011   1999  288.0  274.0  304.0     10   72.58 -127.38   72.58   72.58 -127.38 -127.38     30     10800   -999.00   -999.00   -999.00   -999.00   -999.00   -999.00   -999.00   -999.00      1.01      0.00     18.70      0.32
     IOS-EBS       EBS_8   3070012   1999  319.0  305.0  334.0     11   72.58 -127.38   72.58   72.58 -127.38 -127.38     30     11160   -999.00   -999.00   -999.00   -999.00   -999.00   -999.00   -999.00   -999.00      0.69      0.00      8.70      0.61
     IOS-EBS       EBS_8   3070013   1999  349.0  335.0  365.0     12   72.58 -127.38   72.58   72.58 -127.38 -127.38     30     10440   -999.00   -999.00   -999.00   -999.00   -999.00   -999.00   -999.00   -999.00      0.54      0.10      8.70      0.65
     IOS-EBS       EBS_8   3070014   2000   15.0    1.0   31.0      1   72.58 -127.38   72.58   72.58 -127.38 -127.38     30     11160   -999.00   -999.00   -999.00   -999.00   -999.00   -999.00   -999.00   -999.00      1.41      0.10     16.20      1.53
     IOS-EBS       EBS_8   3070015   2000   46.0   32.0   59.0      2   72.58 -127.38   72.58   72.58 -127.38 -127.38     30     10800   -999.00   -999.00   -999.00   -999.00   -999.00   -999.00   -999.00   -999.00      1.31      0.10     16.50      1.60
     IOS-EBS       EBS_8   3070016   2000   74.0   61.0   91.0      3   72.58 -127.38   72.58   72.58 -127.38 -127.38     30     11160   -999.00   -999.00   -999.00   -999.00   -999.00   -999.00   -999.00   -999.00      0.13      1.20      2.10      1.46
     IOS-EBS       EBS_8   3070017   2000  105.0   92.0  121.0      4   72.58 -127.38   72.58   72.58 -127.38 -127.38     30     10800   -999.00   -999.00   -999.00   -999.00   -999.00   -999.00   -999.00   -999.00      0.79      0.10     14.30      1.62
     IOS-EBS       EBS_8   3070018   2000  135.0  122.0  152.0      5   72.58 -127.38   72.58   72.58 -127.38 -127.38     30     11160   -999.00   -999.00   -999.00   -999.00   -999.00   -999.00   -999.00   -999.00      0.82      0.10     13.10      1.62
     IOS-EBS       EBS_8   3070019   2000  166.0  153.0  182.0      6   72.58 -127.38   72.58   72.58 -127.38 -127.38     30     10800   -999.00   -999.00   -999.00   -999.00   -999.00   -999.00   -999.00   -999.00      2.06      0.00     19.60      2.28
     IOS-EBS       EBS_8   3070020   2000  196.0  183.0  213.0      7   72.58 -127.38   72.58   72.58 -127.38 -127.38     30     11160   -999.00   -999.00   -999.00   -999.00   -999.00   -999.00   -999.00   -999.00      1.26      0.00     15.00      1.45
     IOS-EBS       EBS_8   3070021   2000  227.0  214.0  244.0      8   72.58 -127.38   72.58   72.58 -127.38 -127.38     30     10800   -999.00   -999.00   -999.00   -999.00   -999.00   -999.00   -999.00   -999.00      1.18      0.00     17.80      0.43
     IOS-EBS       EBS_8   3070022   2000  258.0  245.0  274.0      9   72.58 -127.38   72.58   72.58 -127.38 -127.38     30     11160   -999.00   -999.00   -999.00   -999.00   -999.00   -999.00   -999.00   -999.00      1.25      0.00     14.90      0.42
     IOS-EBS       EBS_8   3070023   2000  288.0  275.0  305.0     10   72.58 -127.38   72.58   72.58 -127.38 -127.38     30     10800   -999.00   -999.00   -999.00   -999.00   -999.00   -999.00   -999.00   -999.00      1.28      0.00     13.50      1.01
     IOS-EBS       EBS_8   3070024   2000  319.0  306.0  335.0     11   72.58 -127.38   72.58   72.58 -127.38 -127.38     30     11160   -999.00   -999.00   -999.00   -999.00   -999.00   -999.00   -999.00   -999.00      1.17      0.10     10.20      1.09
     IOS-EBS       EBS_8   3070025   2000  349.0  336.0  366.0     12   72.58 -127.38   72.58   72.58 -127.38 -127.38     30     10800   -999.00   -999.00   -999.00   -999.00   -999.00   -999.00   -999.00   -999.00      2.34      0.10     17.50      2.10
     IOS-EBS       EBS_8   3070026   2001   15.0    1.0   31.0      1   72.58 -127.38   72.58   72.58 -127.38 -127.38     30     11160   -999.00   -999.00   -999.00   -999.00   -999.00   -999.00   -999.00   -999.00      1.75      0.00     21.70      1.43
     IOS-EBS       EBS_8   3070027   2001   46.0   32.0   59.0      2   72.58 -127.38   72.58   72.58 -127.38 -127.38     30     10800   -999.00   -999.00   -999.00   -999.00   -999.00   -999.00   -999.00   -999.00      0.93      0.00     13.30      0.98
     IOS-EBS       EBS_8   3070028   2001   74.0   60.0   90.0      3   72.58 -127.38   72.58   72.58 -127.38 -127.38     30     11160   -999.00   -999.00   -999.00   -999.00   -999.00   -999.00   -999.00   -999.00      1.07      0.10     17.00      0.97
     IOS-EBS       EBS_8   3070029   2001  105.0   91.0  120.0      4   72.58 -127.38   72.58   72.58 -127.38 -127.38     30     10800   -999.00   -999.00   -999.00   -999.00   -999.00   -999.00   -999.00   -999.00      1.38      0.10     15.00      1.42
     IOS-EBS       EBS_8   3070030   2001  135.0  121.0  151.0      5   72.58 -127.38   72.58   72.58 -127.38 -127.38     30     11160   -999.00   -999.00   -999.00   -999.00   -999.00   -999.00   -999.00   -999.00      1.20      0.00     17.60      1.14
     IOS-EBS       EBS_8   3070031   2001  166.0  152.0  181.0      6   72.58 -127.38   72.58   72.58 -127.38 -127.38     30     10800   -999.00   -999.00   -999.00   -999.00   -999.00   -999.00   -999.00   -999.00      1.81      0.00     21.40      1.57
     IOS-EBS       EBS_8   3070032   2001  196.0  182.0  212.0      7   72.58 -127.38   72.58   72.58 -127.38 -127.38     30     11160   -999.00   -999.00   -999.00   -999.00   -999.00   -999.00   -999.00   -999.00      2.90      0.00     25.50      3.18
     IOS-EBS       EBS_8   3070033   2001  227.0  213.0  243.0      8   72.58 -127.38   72.58   72.58 -127.38 -127.38     30     10800   -999.00   -999.00   -999.00   -999.00   -999.00   -999.00   -999.00   -999.00      1.82      0.00     20.00      1.93
     IOS-EBS       EBS_8   3070034   2001  258.0  244.0  273.0      9   72.58 -127.38   72.58   72.58 -127.38 -127.38     29     11160   -999.00   -999.00   -999.00   -999.00   -999.00   -999.00   -999.00   -999.00      1.53      0.00     14.70      1.35
     IOS-EBS       EBS_8   3070035   2001  288.0  274.0  304.0     10   72.58 -127.38   72.58   72.58 -127.38 -127.38     30     10800   -999.00   -999.00   -999.00   -999.00   -999.00   -999.00   -999.00   -999.00      1.63      0.00     19.30      1.04
     IOS-EBS       EBS_8   3070036   2001  319.0  305.0  334.0     11   72.58 -127.38   72.58   72.58 -127.38 -127.38     30     11160   -999.00   -999.00   -999.00   -999.00   -999.00   -999.00   -999.00   -999.00      0.52      0.00      7.10      0.44
     IOS-EBS       EBS_8   3070037   2001  349.0  335.0  365.0     12   72.58 -127.38   72.58   72.58 -127.38 -127.38     30     10440   -999.00   -999.00   -999.00   -999.00   -999.00   -999.00   -999.00   -999.00      0.91      0.00     11.50      0.92
     IOS-EBS       EBS_8   3070038   2002   15.0    1.0   31.0      1   72.58 -127.38   72.58   72.58 -127.38 -127.38     30     11160   -999.00   -999.00   -999.00   -999.00   -999.00   -999.00   -999.00   -999.00      1.28      0.00     14.60      1.34
     IOS-EBS       EBS_8   3070039   2002   46.0   32.0   59.0      2   72.58 -127.38   72.58   72.58 -127.38 -127.38     30     10800   -999.00   -999.00   -999.00   -999.00   -999.00   -999.00   -999.00   -999.00      0.80      0.00     12.70      1.23
     IOS-EBS       EBS_8   3070040   2002   74.0   60.0   90.0      3   72.58 -127.38   72.58   72.58 -127.38 -127.38     30     11160   -999.00   -999.00   -999.00   -999.00   -999.00   -999.00   -999.00   -999.00      1.54      0.00     16.20      1.95
     IOS-EBS       EBS_8   3070041   2002  105.0   91.0  120.0      4   72.58 -127.38   72.58   72.58 -127.38 -127.38     30     10800   -999.00   -999.00   -999.00   -999.00   -999.00   -999.00   -999.00   -999.00      1.35      0.00     15.20      1.99
     IOS-EBS       EBS_8   3070042   2002  135.0  121.0  151.0      5   72.58 -127.38   72.58   72.58 -127.38 -127.38     30     11160   -999.00   -999.00   -999.00   -999.00   -999.00   -999.00   -999.00   -999.00      2.51      0.00     22.30      2.37
     IOS-EBS       EBS_8   3070043   2002  166.0  152.0  181.0      6   72.58 -127.38   72.58   72.58 -127.38 -127.38     30     10800   -999.00   -999.00   -999.00   -999.00   -999.00   -999.00   -999.00   -999.00      2.73      0.00     21.80      2.63
     IOS-EBS       EBS_8   3070044   2002  196.0  182.0  212.0      7   72.58 -127.38   72.58   72.58 -127.38 -127.38     30     11160   -999.00   -999.00   -999.00   -999.00   -999.00   -999.00   -999.00   -999.00      2.84      0.00     27.30      3.02
     IOS-EBS       EBS_8   3070045   2002  227.0  213.0  243.0      8   72.58 -127.38   72.58   72.58 -127.38 -127.38     30     10800   -999.00   -999.00   -999.00   -999.00   -999.00   -999.00   -999.00   -999.00      1.32      0.00     13.40      1.95
     IOS-EBS       EBS_8   3070046   2002  258.0  244.0  273.0      9   72.58 -127.38   72.58   72.58 -127.38 -127.38     12      4589   -999.00   -999.00   -999.00   -999.00   -999.00   -999.00   -999.00   -999.00      0.98      0.00      8.40      1.56
     IOS-EBS       EBS_9   3080000   2001  288.0  274.0  304.0     10   70.08 -133.50   70.08   70.08 -133.50 -133.50     17      6205   -999.00   -999.00   -999.00   -999.00   -999.00   -999.00   -999.00   -999.00      0.30      0.00      5.70      0.16
     IOS-EBS       EBS_9   3080001   2001  319.0  305.0  334.0     11   70.08 -133.50   70.08   70.08 -133.50 -133.50     30     11160   -999.00   -999.00   -999.00   -999.00   -999.00   -999.00   -999.00   -999.00      0.43      0.00      5.60      0.37
     IOS-EBS       EBS_9   3080002   2001  349.0  335.0  365.0     12   70.08 -133.50   70.08   70.08 -133.50 -133.50     30     10440   -999.00   -999.00   -999.00   -999.00   -999.00   -999.00   -999.00   -999.00      0.66      0.00     11.40      0.60
     IOS-EBS       EBS_9   3080003   2002   15.0    1.0   31.0      1   70.08 -133.50   70.08   70.08 -133.50 -133.50     30     11160   -999.00   -999.00   -999.00   -999.00   -999.00   -999.00   -999.00   -999.00      0.92      0.00     12.90      0.80
     IOS-EBS       EBS_9   3080004   2002   46.0   32.0   59.0      2   70.08 -133.50   70.08   70.08 -133.50 -133.50     30     10800   -999.00   -999.00   -999.00   -999.00   -999.00   -999.00   -999.00   -999.00      2.06      0.10     19.30      2.81
     IOS-EBS       EBS_9   3080005   2002   74.0   60.0   90.0      3   70.08 -133.50   70.08   70.08 -133.50 -133.50     30     11160   -999.00   -999.00   -999.00   -999.00   -999.00   -999.00   -999.00   -999.00      1.91      0.10     18.20      1.81
     IOS-EBS       EBS_9   3080006   2002  105.0   91.0  120.0      4   70.08 -133.50   70.08   70.08 -133.50 -133.50     15      5458   -999.00   -999.00   -999.00   -999.00   -999.00   -999.00   -999.00   -999.00      0.87      0.00     12.90      1.51
