      Source     Mooring     Index   Year   Yday MinDay MaxDay  Month     Lat     Lon  MinLat  MaxLat  MinLon  MaxLon  Ndays    Nsamps  Avg_temp  Min_temp  Max_temp   SD_temp Avg_depth Min_depth Max_depth  SD_depth Avg_draft Min_draft Max_draft  SD_draft
        NPEO   NPEO-2001   1000000   2001  110.7  100.0  120.0      4   89.56   33.65   89.56   89.56   33.65   33.65     21      5490   -999.00   -999.00   -999.00   -999.00     48.63     46.53     50.33      0.25      3.70      0.00     18.60      2.61
        NPEO   NPEO-2001   1000001   2001  136.5  121.0  151.0      5   89.56   33.65   89.56   89.56   33.65   33.65     31      8240   -999.00   -999.00   -999.00   -999.00     49.06     48.61     50.33      0.40      3.65      0.00     18.61      2.49
        NPEO   NPEO-2001   1000002   2001  167.0  152.0  181.0      6   89.56   33.65   89.56   89.56   33.65   33.65     30      7979   -999.00   -999.00   -999.00   -999.00     50.09     48.78     57.32      2.16      3.59      0.00     18.58      2.46
        NPEO   NPEO-2001   1000003   2001  197.5  182.0  212.0      7   89.56   33.65   89.56   89.56   33.65   33.65     31      8246   -999.00   -999.00   -999.00   -999.00     49.06     48.76     49.64      0.14      2.96      0.00     18.07      2.23
        NPEO   NPEO-2001   1000004   2001  228.5  213.0  243.0      8   89.56   33.65   89.56   89.56   33.65   33.65     31      8246   -999.00   -999.00   -999.00   -999.00     49.10     48.66     49.71      0.20      2.59      0.00     16.16      1.70
        NPEO   NPEO-2001   1000005   2001  259.0  244.0  273.0      9   89.56   33.65   89.56   89.56   33.65   33.65     30      7980   -999.00   -999.00   -999.00   -999.00     49.10     48.72     50.10      0.32      2.44      0.00     16.46      1.61
        NPEO   NPEO-2001   1000006   2001  289.5  274.0  304.0     10   89.56   33.65   89.56   89.56   33.65   33.65     31      8246   -999.00   -999.00   -999.00   -999.00     48.95     48.65     49.17      0.10      2.64      0.00     18.02      1.74
        NPEO   NPEO-2001   1000007   2001  320.0  305.0  334.0     11   89.56   33.65   89.56   89.56   33.65   33.65     30      7980   -999.00   -999.00   -999.00   -999.00     49.00     48.75     49.34      0.12      2.69      0.03     18.01      1.93
        NPEO   NPEO-2001   1000008   2001  350.5  335.0  365.0     12   89.56   33.65   89.56   89.56   33.65   33.65     31      8245   -999.00   -999.00   -999.00   -999.00     48.96     48.70     49.62      0.12      2.83      0.00     17.45      2.09
        NPEO   NPEO-2001   1000009   2002   16.5    1.0   31.0      1   89.56   33.65   89.56   89.56   33.65   33.65     31      8225   -999.00   -999.00   -999.00   -999.00     49.07     48.59     50.59      0.40      3.02      0.00     17.95      2.23
        NPEO   NPEO-2001   1000010   2002   46.0   32.0   59.0      2   89.56   33.65   89.56   89.56   33.65   33.65     28      7424   -999.00   -999.00   -999.00   -999.00     48.76     48.48     49.12      0.12      3.14      0.13     17.92      2.22
        NPEO   NPEO-2001   1000011   2002   75.5   60.0   90.0      3   89.56   33.65   89.56   89.56   33.65   33.65     31      8216   -999.00   -999.00   -999.00   -999.00     48.80     48.44     49.03      0.11      3.61      0.13     17.94      2.35
        NPEO   NPEO-2001   1000012   2002  100.3   91.0  109.0      4   89.56   33.65   89.56   89.56   33.65   33.65     19      4952   -999.00   -999.00   -999.00   -999.00     48.76     47.19     53.02      0.16      3.64      0.11     17.84      2.62
        NPEO   NPEO-2002   1010000   2002  136.5  121.0  151.0      5   89.46   53.64   89.46   89.46   53.64   53.64     31      3782   -999.00   -999.00   -999.00   -999.00     54.81     54.53     55.14      0.10      3.46      0.00     19.50      2.34
        NPEO   NPEO-2002   1010001   2002  167.0  152.0  181.0      6   89.46   53.64   89.46   89.46   53.64   53.64     30      3660   -999.00   -999.00   -999.00   -999.00     54.77     54.52     55.03      0.08      3.75      0.00     19.79      2.81
        NPEO   NPEO-2002   1010002   2002  197.5  182.0  212.0      7   89.46   53.64   89.46   89.46   53.64   53.64     31      3782   -999.00   -999.00   -999.00   -999.00     54.66     54.47     54.88      0.08      3.55      0.00     19.65      2.73
        NPEO   NPEO-2002   1010003   2002  228.5  213.0  243.0      8   89.46   53.64   89.46   89.46   53.64   53.64     31      3782   -999.00   -999.00   -999.00   -999.00     54.57     54.36     54.91      0.09      3.41      0.00     18.82      2.37
        NPEO   NPEO-2002   1010004   2002  259.0  244.0  273.0      9   89.46   53.64   89.46   89.46   53.64   53.64     30      3660   -999.00   -999.00   -999.00   -999.00     55.01     54.34     57.61      0.70      3.30      0.00     16.33      2.20
        NPEO   NPEO-2002   1010005   2002  289.5  274.0  304.0     10   89.46   53.64   89.46   89.46   53.64   53.64     31      3782   -999.00   -999.00   -999.00   -999.00     74.56     56.92    102.63     15.19      3.34      0.00     18.02      2.26
        NPEO   NPEO-2002   1010006   2002  320.0  305.0  334.0     11   89.46   53.64   89.46   89.46   53.64   53.64     30      3660   -999.00   -999.00   -999.00   -999.00     80.20     59.24    116.75     18.36      3.32      0.02     17.30      2.11
        NPEO   NPEO-2002   1010007   2002  350.5  335.0  365.0     12   89.46   53.64   89.46   89.46   53.64   53.64     31      3781   -999.00   -999.00   -999.00   -999.00     90.53     65.78    119.45     14.66      3.46      0.00     18.27      2.36
        NPEO   NPEO-2002   1010008   2003   16.5    1.0   31.0      1   89.46   53.64   89.46   89.46   53.64   53.64     31      3781   -999.00   -999.00   -999.00   -999.00     58.42     54.45     68.01      3.16      3.80      0.00     17.65      2.44
        NPEO   NPEO-2002   1010009   2003   46.0   32.0   59.0      2   89.46   53.64   89.46   89.46   53.64   53.64     28      3416   -999.00   -999.00   -999.00   -999.00     54.40     54.13     54.87      0.11      3.87      0.00     19.51      2.60
        NPEO   NPEO-2002   1010010   2003   75.5   60.0   90.0      3   89.46   53.64   89.46   89.46   53.64   53.64     31      3782   -999.00   -999.00   -999.00   -999.00     54.33     53.94     54.71      0.16      3.88      0.07     19.49      2.62
        NPEO   NPEO-2002   1010011   2003  101.8   91.0  112.0      4   89.46   53.64   89.46   89.46   53.64   53.64     22      2648   -999.00   -999.00   -999.00   -999.00     54.31     51.17     59.69      0.17      3.64      0.08     17.52      2.29
        NPEO   NPEO-2004   1020000   2004  117.2  112.0  121.0      4   89.45   54.33   89.45   89.45   54.33   54.33     10      1771   -999.00   -999.00   -999.00   -999.00     75.78     72.75     76.01      0.34      4.81      0.06     18.29      3.36
        NPEO   NPEO-2004   1020001   2004  137.5  122.0  152.0      5   89.45   54.33   89.45   89.45   54.33   54.33     31      5704   -999.00   -999.00   -999.00   -999.00     75.97     75.65     76.28      0.14      4.27      0.00     18.57      2.89
        NPEO   NPEO-2004   1020002   2004  168.0  153.0  182.0      6   89.45   54.33   89.45   89.45   54.33   54.33     30      5520   -999.00   -999.00   -999.00   -999.00     76.16     75.95     76.35      0.08      4.03      0.00     18.54      2.76
        NPEO   NPEO-2004   1020003   2004  198.5  183.0  213.0      7   89.45   54.33   89.45   89.45   54.33   54.33     31      5701   -999.00   -999.00   -999.00   -999.00     76.28     76.10     76.56      0.09      3.93      0.00     18.80      2.86
        NPEO   NPEO-2004   1020004   2004  229.5  214.0  244.0      8   89.45   54.33   89.45   89.45   54.33   54.33     31      5704   -999.00   -999.00   -999.00   -999.00     76.18     75.98     76.47      0.09      3.42      0.00     18.84      2.54
        NPEO   NPEO-2004   1020005   2004  260.0  245.0  274.0      9   89.45   54.33   89.45   89.45   54.33   54.33     30      5511   -999.00   -999.00   -999.00   -999.00     76.24     75.98     78.58      0.22      2.84      0.00     18.58      2.35
        NPEO   NPEO-2004   1020006   2004  290.5  275.0  305.0     10   89.45   54.33   89.45   89.45   54.33   54.33     31      5704   -999.00   -999.00   -999.00   -999.00     78.80     75.92     92.36      4.54      3.50      0.00     19.07      2.48
        NPEO   NPEO-2004   1020007   2004  321.0  306.0  335.0     11   89.45   54.33   89.45   89.45   54.33   54.33     30      5520   -999.00   -999.00   -999.00   -999.00     76.15     75.93     76.75      0.10      3.68      0.05     18.62      2.50
        NPEO   NPEO-2004   1020008   2004  351.5  336.0  366.0     12   89.45   54.33   89.45   89.45   54.33   54.33     31      5704   -999.00   -999.00   -999.00   -999.00     77.30     75.99     79.13      0.67      3.64      0.15     18.76      2.39
        NPEO   NPEO-2004   1020009   2005   16.5    1.0   31.0      1   89.45   54.33   89.45   89.45   54.33   54.33     31      5703   -999.00   -999.00   -999.00   -999.00     82.68     75.74    101.88      6.93      3.80      0.30     19.00      2.52
        NPEO   NPEO-2004   1020010   2005   46.0   32.0   59.0      2   89.45   54.33   89.45   89.45   54.33   54.33     28      5152   -999.00   -999.00   -999.00   -999.00     75.96     75.61     76.28      0.14      3.81      0.00     18.30      2.53
        NPEO   NPEO-2004   1020011   2005   75.5   60.0   90.0      3   89.45   54.33   89.45   89.45   54.33   54.33     31      5704   -999.00   -999.00   -999.00   -999.00     75.90     75.50     76.24      0.13      4.18      0.01     18.66      2.75
        NPEO   NPEO-2004   1020012   2005   99.0   91.0  106.0      4   89.45   54.33   89.45   89.45   54.33   54.33     16      2929   -999.00   -999.00   -999.00   -999.00     75.86     75.60     76.20      0.14      3.48      0.02     18.59      2.54
        NPEO   NPEO-2005   1030001   2005  136.5  121.0  151.0      5   89.25   64.69   89.25   89.25   64.69   64.69     31      8922   -999.00   -999.00   -999.00   -999.00     74.95     74.64     81.49      0.55      4.10      0.16     19.15      2.61
        NPEO   NPEO-2005   1030002   2005  167.0  152.0  181.0      6   89.25   64.69   89.25   89.25   64.69   64.69     30      8629   -999.00   -999.00   -999.00   -999.00     74.88     74.64     75.28      0.11      4.11      0.00     19.36      2.63
        NPEO   NPEO-2005   1030003   2005  189.7  182.0  197.0      7   89.25   64.69   89.25   89.25   64.69   64.69     16      4449   -999.00   -999.00   -999.00   -999.00     74.93     74.75     75.44      0.11      3.69      0.00     18.33      2.26
        NPEO   NPEO-2006   1040000   2006  169.2  152.0  181.0      6   89.35   77.12   89.35   89.35   77.12   77.12     30      1084   -999.00   -999.00   -999.00   -999.00     82.96     82.73     83.16      0.08      2.15      0.00     12.12      2.05
        NPEO   NPEO-2006   1040001   2006  199.5  182.0  212.0      7   89.35   77.12   89.35   89.35   77.12   77.12     31      3463   -999.00   -999.00   -999.00   -999.00     82.88     82.68     83.07      0.08      1.58      0.00     14.97      1.20
        NPEO   NPEO-2006   1040002   2006  228.6  213.0  243.0      8   89.35   77.12   89.35   89.35   77.12   77.12     31      4772   -999.00   -999.00   -999.00   -999.00     82.84     82.66     83.03      0.07      1.41      0.00     19.41      1.19
        NPEO   NPEO-2006   1040003   2006  256.7  244.0  273.0      9   89.35   77.12   89.35   89.35   77.12   77.12     30      2656   -999.00   -999.00   -999.00   -999.00     82.88     82.57     83.51      0.15      1.27      0.00      9.92      0.87
        NPEO   NPEO-2006   1040004   2006  289.4  274.0  304.0     10   89.35   77.12   89.35   89.35   77.12   77.12     31      1412   -999.00   -999.00   -999.00   -999.00     84.36     82.57     90.03      2.00      1.18      0.00     11.24      0.86
        NPEO   NPEO-2006   1040005   2006  317.2  305.0  334.0     11   89.35   77.12   89.35   89.35   77.12   77.12     30      1070   -999.00   -999.00   -999.00   -999.00     82.85     82.43     89.40      0.83      1.26      0.00      9.28      0.93
        NPEO   NPEO-2006   1040006   2007  172.8  152.0  181.0      6   89.35   77.12   89.35   89.35   77.12   77.12     29      1112   -999.00   -999.00   -999.00   -999.00     82.64     82.40     84.38      0.13      1.83      0.00     13.42      1.47
        NPEO   NPEO-2008   1050000   2008  115.2  108.0  121.0      4   89.53   84.37   89.53   89.53   84.37   84.37     14      2428   -999.00   -999.00   -999.00   -999.00     35.94     32.94     36.21      0.19      2.30      0.00     17.07      1.56
        NPEO   NPEO-2008   1050001   2008  137.5  122.0  152.0      5   89.53   84.37   89.53   89.53   84.37   84.37     31      5569   -999.00   -999.00   -999.00   -999.00     36.20     35.85     36.67      0.18      2.27      0.00     18.69      1.59
        NPEO   NPEO-2008   1050002   2008  168.0  153.0  182.0      6   89.53   84.37   89.53   89.53   84.37   84.37     30      5393   -999.00   -999.00   -999.00   -999.00     36.27     36.00     36.91      0.14      2.54      0.00     17.35      1.87
        NPEO   NPEO-2008   1050003   2008  198.5  183.0  213.0      7   89.53   84.37   89.53   89.53   84.37   84.37     31      5576   -999.00   -999.00   -999.00   -999.00     36.16     35.97     36.38      0.07      2.24      0.00     21.42      1.74
        NPEO   NPEO-2008   1050004   2008  229.5  214.0  244.0      8   89.53   84.37   89.53   89.53   84.37   84.37     31      5575   -999.00   -999.00   -999.00   -999.00     36.25     35.84     40.36      0.45      1.71      0.00     20.24      1.35
        NPEO   NPEO-2008   1050005   2008  260.0  245.0  274.0      9   89.53   84.37   89.53   89.53   84.37   84.37     30      5392   -999.00   -999.00   -999.00   -999.00     36.17     35.80     36.63      0.13      1.36      0.00     13.68      0.91
        NPEO   NPEO-2008   1050006   2008  290.5  275.0  305.0     10   89.53   84.37   89.53   89.53   84.37   84.37     31      5555   -999.00   -999.00   -999.00   -999.00     36.21     35.85     38.02      0.24      1.15      0.00     18.24      1.11
        NPEO   NPEO-2008   1050007   2008  321.0  306.0  335.0     11   89.53   84.37   89.53   89.53   84.37   84.37     30      5379   -999.00   -999.00   -999.00   -999.00     36.00     35.72     36.40      0.13      1.43      0.00     18.61      1.41
        NPEO   NPEO-2008   1050008   2008  351.5  336.0  366.0     12   89.53   84.37   89.53   89.53   84.37   84.37     31      5560   -999.00   -999.00   -999.00   -999.00     36.11     35.79     36.75      0.17      1.49      0.00     16.61      1.28
        NPEO   NPEO-2008   1050009   2009   16.5    1.0   31.0      1   89.53   84.37   89.53   89.53   84.37   84.37     31      5565   -999.00   -999.00   -999.00   -999.00     36.25     35.87     38.11      0.36      1.77      0.00     14.13      1.31
        NPEO   NPEO-2008   1050010   2009   46.0   32.0   59.0      2   89.53   84.37   89.53   89.53   84.37   84.37     28      5030   -999.00   -999.00   -999.00   -999.00     35.95     35.69     36.26      0.12      2.06      0.00     18.26      1.53
        NPEO   NPEO-2008   1050011   2009   75.5   60.0   90.0      3   89.53   84.37   89.53   89.53   84.37   84.37     31      5563   -999.00   -999.00   -999.00   -999.00     35.97     35.58     36.91      0.24      2.45      0.00     18.11      1.81
        NPEO   NPEO-2008   1050012   2009  106.0   91.0  120.0      4   89.53   84.37   89.53   89.53   84.37   84.37     30      5386   -999.00   -999.00   -999.00   -999.00     35.95     35.68     36.18      0.10      2.56      0.00     17.05      1.75
        NPEO   NPEO-2008   1050013   2009  136.5  121.0  151.0      5   89.53   84.37   89.53   89.53   84.37   84.37     31      5572   -999.00   -999.00   -999.00   -999.00     35.98     35.75     36.22      0.09      2.56      0.00     18.97      1.77
        NPEO   NPEO-2008   1050014   2009  167.0  152.0  181.0      6   89.53   84.37   89.53   89.53   84.37   84.37     30      5397   -999.00   -999.00   -999.00   -999.00     35.98     35.79     36.29      0.10      2.71      0.00     19.85      1.93
        NPEO   NPEO-2008   1050015   2009  197.5  182.0  212.0      7   89.53   84.37   89.53   89.53   84.37   84.37     31      5576   -999.00   -999.00   -999.00   -999.00     35.93     35.64     36.17      0.10      2.60      0.00     18.52      1.81
        NPEO   NPEO-2008   1050016   2009  228.5  213.0  243.0      8   89.53   84.37   89.53   89.53   84.37   84.37     31      5577   -999.00   -999.00   -999.00   -999.00     36.06     35.87     36.52      0.09      2.30      0.00     13.65      1.63
        NPEO   NPEO-2008   1050017   2009  259.0  244.0  273.0      9   89.53   84.37   89.53   89.53   84.37   84.37     30      5397   -999.00   -999.00   -999.00   -999.00     38.40     35.92     56.76      4.65      2.02      0.00     13.58      1.50
        NPEO   NPEO-2008   1050018   2009  289.5  274.0  304.0     10   89.53   84.37   89.53   89.53   84.37   84.37     31      5570   -999.00   -999.00   -999.00   -999.00     38.23     36.06     57.36      4.52      2.11      0.00     14.72      1.71
        NPEO   NPEO-2008   1050019   2009  320.0  305.0  334.0     11   89.53   84.37   89.53   89.53   84.37   84.37     30      5388   -999.00   -999.00   -999.00   -999.00     36.01     35.77     36.31      0.08      2.09      0.00     16.03      1.82
        NPEO   NPEO-2008   1050020   2009  350.5  335.0  365.0     12   89.53   84.37   89.53   89.53   84.37   84.37     31      5565   -999.00   -999.00   -999.00   -999.00     36.49     35.77     40.97      0.91      2.18      0.00     18.58      1.85
        NPEO   NPEO-2008   1050021   2010   16.5    1.0   31.0      1   89.53   84.37   89.53   89.53   84.37   84.37     31      5568   -999.00   -999.00   -999.00   -999.00     36.00     35.54     36.51      0.15      2.55      0.00     18.77      2.13
        NPEO   NPEO-2008   1050022   2010   46.0   32.0   59.0      2   89.53   84.37   89.53   89.53   84.37   84.37     28      5028   -999.00   -999.00   -999.00   -999.00     37.96     35.57     51.93      4.08      2.49      0.00     15.94      1.80
