      Source      Cruise     Index   Year   Yday MinDay MaxDay  Month     Lat     Lon  MinLat  MaxLat  MinLon  MaxLon Length    Nsamps  Avg_none  Min_none  Max_none   SD_none  Avg_none  Min_none  Max_none   SD_none Avg_draft Min_draft Max_draft  SD_draft
    UKSUB-AN        UK87   7010000   1987  128.4  128.3  128.5      5   72.96   -8.99   72.83   73.09   -9.22   -8.76     32     32924   -999.00   -999.00   -999.00   -999.00   -999.00   -999.00   -999.00     -1.00      0.52      0.00      6.84      0.96
    UKSUB-AN        UK87   7010001   1987  128.5  128.5  128.5      5   73.17   -9.37   73.09   73.25   -9.53   -9.22     43     43516   -999.00   -999.00   -999.00   -999.00   -999.00   -999.00   -999.00     -1.00      0.74      0.00      6.98      0.99
    UKSUB-AN        UK87   7010002   1987  128.7  128.6  128.7      5   73.43   -9.87   73.37   73.49   -9.98   -9.76     49     49405   -999.00   -999.00   -999.00   -999.00   -999.00   -999.00   -999.00     -1.00      1.39      0.00      5.36      0.64
    UKSUB-AN        UK87   7010003   1987  128.8  128.7  128.8      5   73.54  -10.13   73.49   73.60  -10.28   -9.98     49     49909   -999.00   -999.00   -999.00   -999.00   -999.00   -999.00   -999.00     -1.00      1.36      0.00      5.75      0.95
    UKSUB-AN        UK87   7010004   1987  128.9  128.8  129.0      5   74.16  -10.79   73.60   74.73  -11.29  -10.28     50     49997   -999.00   -999.00   -999.00   -999.00   -999.00   -999.00   -999.00     -1.00      0.64      0.00      4.24      0.56
    UKSUB-AN        UK87   7010005   1987  129.0  129.0  129.0      5   74.74  -11.25   74.73   74.75  -11.29  -11.21     31     31774   -999.00   -999.00   -999.00   -999.00   -999.00   -999.00   -999.00     -1.00      0.66      0.00     15.99      0.71
    UKSUB-AN        UK87   7010006   1987  129.1  129.1  129.2      5   74.88  -10.54   74.79   74.98  -11.04  -10.04     40     40301   -999.00   -999.00   -999.00   -999.00   -999.00   -999.00   -999.00     -1.00      0.72      0.00      3.97      0.46
    UKSUB-AN        UK87   7010007   1987  129.2  129.2  129.2      5   75.07  -10.12   74.98   75.17  -10.20  -10.04     45     45688   -999.00   -999.00   -999.00   -999.00   -999.00   -999.00   -999.00     -1.00      0.82      0.00      3.24      0.41
    UKSUB-AN        UK87   7010008   1987  129.3  129.2  129.3      5   75.19  -10.20   75.17   75.22  -10.20  -10.20     31     31170   -999.00   -999.00   -999.00   -999.00   -999.00   -999.00   -999.00     -1.00      1.34      0.00      7.37      1.13
    UKSUB-AN        UK87   7010009   1987  129.3  129.3  129.4      5   75.66   -9.44   75.22   76.10  -10.20   -8.68     49     49277   -999.00   -999.00   -999.00   -999.00   -999.00   -999.00   -999.00     -1.00      1.36      0.00     13.17      1.31
    UKSUB-AN        UK87   7010010   1987  129.5  129.4  129.6      5   76.71   -7.57   76.10   77.31   -8.68   -6.46     49     49955   -999.00   -999.00   -999.00   -999.00   -999.00   -999.00   -999.00     -1.00      1.94      0.00     11.33      1.50
    UKSUB-AN        UK87   7010011   1987  129.7  129.6  129.7      5   77.38   -6.33   77.31   77.45   -6.46   -6.20     36     36194   -999.00   -999.00   -999.00   -999.00   -999.00   -999.00   -999.00     -1.00      2.39      0.00     14.76      2.06
    UKSUB-AN        UK87   7010012   1987  130.0  130.0  130.0      5   78.29   -4.41   78.27   78.31   -4.46   -4.37     45     45815   -999.00   -999.00   -999.00   -999.00   -999.00   -999.00   -999.00     -1.00      1.90      0.00      7.07      1.45
    UKSUB-AN        UK87   7010013   1987  130.1  130.0  130.2      5   78.41   -4.27   78.31   78.51   -4.37   -4.18     50     49997   -999.00   -999.00   -999.00   -999.00   -999.00   -999.00   -999.00     -1.00      1.51      0.00      7.21      1.40
    UKSUB-AN        UK87   7010014   1987  130.2  130.2  130.3      5   78.79   -3.55   78.51   79.08   -4.18   -2.93     48     48667   -999.00   -999.00   -999.00   -999.00   -999.00   -999.00   -999.00     -1.00      2.25      0.00     14.79      1.85
    UKSUB-AN        UK87   7010015   1987  130.5  130.3  130.7      5   79.78   -1.80   79.08   80.49   -2.93   -0.67     50     49997   -999.00   -999.00   -999.00   -999.00   -999.00   -999.00   -999.00     -1.00      2.57      0.00     18.96      2.21
    UKSUB-AN        UK87   7010016   1987  130.7  130.7  130.7      5   80.85   -0.74   80.49   81.20   -0.81   -0.67     28     28250   -999.00   -999.00   -999.00   -999.00   -999.00   -999.00   -999.00     -1.00      3.10      0.00     15.52      2.80
    UKSUB-AN        UK87   7010017   1987  130.9  130.9  131.0      5   81.87   -0.77   81.67   82.08   -0.95   -0.59     39     39787   -999.00   -999.00   -999.00   -999.00   -999.00   -999.00   -999.00     -1.00      2.98      0.00     15.46      2.47
    UKSUB-AN        UK87   7010018   1987  131.2  131.1  131.3      5   82.53   -0.86   82.19   82.87   -1.71   -0.01     49     49346   -999.00   -999.00   -999.00   -999.00   -999.00   -999.00   -999.00     -1.00      2.78      0.00     14.69      2.11
    UKSUB-AN        UK87   7010019   1987  131.4  131.4  131.5      5   83.10   -1.76   83.06   83.14   -1.77   -1.75     29     29668   -999.00   -999.00   -999.00   -999.00   -999.00   -999.00   -999.00     -1.00      3.68      0.00     18.11      3.01
    UKSUB-AN        UK87   7010020   1987  131.5  131.5  131.5      5   83.18   -1.78   83.14   83.23   -1.80   -1.77     49     49989   -999.00   -999.00   -999.00   -999.00   -999.00   -999.00   -999.00     -1.00      3.10      0.00     17.69      2.71
    UKSUB-AN        UK87   7010021   1987  131.6  131.5  131.6      5   83.52   -1.72   83.23   83.82   -1.80   -1.64     49     49981   -999.00   -999.00   -999.00   -999.00   -999.00   -999.00   -999.00     -1.00      2.46      0.00     16.39      2.02
    UKSUB-AN        UK87   7010022   1987  131.7  131.6  131.7      5   83.85   -2.34   83.82   83.88   -3.04   -1.64     43     43210   -999.00   -999.00   -999.00   -999.00   -999.00   -999.00   -999.00     -1.00      3.66      0.00     20.08      2.69
    UKSUB-AN        UK87   7010023   1987  131.9  131.8  132.0      5   83.98   -2.12   83.92   84.03   -2.37   -1.87     48     48574   -999.00   -999.00   -999.00   -999.00   -999.00   -999.00   -999.00     -1.00      4.22      0.00     20.43      2.89
    UKSUB-AN        UK87   7010024   1987  132.1  132.0  132.2      5   84.09   -1.88   84.03   84.16   -1.89   -1.87     49     49957   -999.00   -999.00   -999.00   -999.00   -999.00   -999.00   -999.00     -1.00      4.48      0.00     19.60      3.21
    UKSUB-AN        UK87   7010025   1987  132.2  132.2  132.3      5   84.25   -1.88   84.16   84.34   -1.89   -1.88     41     41422   -999.00   -999.00   -999.00   -999.00   -999.00   -999.00   -999.00     -1.00      4.14      0.00     20.91      2.96
    UKSUB-AN        UK87   7010026   1987  132.4  132.3  132.5      5   84.86   -1.91   84.34   85.38   -1.94   -1.88     49     49234   -999.00   -999.00   -999.00   -999.00   -999.00   -999.00   -999.00     -1.00      3.15      0.00     26.40      3.08
    UKSUB-AN        UK87   7010027   1987  132.5  132.5  132.6      5   85.42   -1.94   85.38   85.47   -1.95   -1.94     37     37302   -999.00   -999.00   -999.00   -999.00   -999.00   -999.00   -999.00     -1.00      3.07      0.00     15.10      2.77
    UKSUB-AN        UK87   7010028   1987  132.6  132.6  132.7      5   85.71   -2.03   85.47   85.94   -2.11   -1.95     49     49720   -999.00   -999.00   -999.00   -999.00   -999.00   -999.00   -999.00     -1.00      3.64      0.00     24.36      3.20
    UKSUB-AN        UK87   7010029   1987  132.8  132.7  132.9      5   86.05   -2.22   85.94   86.16   -2.34   -2.11     50     49997   -999.00   -999.00   -999.00   -999.00   -999.00   -999.00   -999.00     -1.00      3.76      0.00     18.29      2.91
    UKSUB-AN        UK87   7010030   1987  133.0  132.9  133.1      5   86.30   -2.19   86.16   86.43   -2.34   -2.04     49     49329   -999.00   -999.00   -999.00   -999.00   -999.00   -999.00   -999.00     -1.00      4.17      0.00     22.56      3.05
    UKSUB-AN        UK87   7010031   1987  133.2  133.1  133.3      5   86.64   -0.98   86.43   86.84   -2.04    0.08     30     30322   -999.00   -999.00   -999.00   -999.00   -999.00   -999.00   -999.00     -1.00      3.19      0.00     17.46      2.83
    UKSUB-AN        UK87   7010032   1987  133.5  133.5  133.6      5   87.29    1.64   86.93   87.66    1.57    1.71     45     45002   -999.00   -999.00   -999.00   -999.00   -999.00   -999.00   -999.00     -1.00      4.38      0.00     24.23      3.62
    UKSUB-AN        UK87   7010033   1987  134.4  134.3  134.4      5   87.97  -13.84   87.78   88.15  -18.62   -9.07     41     41948   -999.00   -999.00   -999.00   -999.00   -999.00   -999.00   -999.00     -1.00      3.37      0.00     16.67      2.66
    UKSUB-AN        UK87   7010034   1987  134.5  134.4  134.6      5   88.00   -8.77   87.85   88.15   -9.07   -8.48     48     48051   -999.00   -999.00   -999.00   -999.00   -999.00   -999.00   -999.00     -1.00      5.07      0.00     22.25      3.73
    UKSUB-AN        UK87   7010035   1987  134.7  134.6  134.7      5   87.92   -9.21   87.85   87.99   -9.94   -8.48     26     26096   -999.00   -999.00   -999.00   -999.00   -999.00   -999.00   -999.00     -1.00      3.00      0.00     13.73      2.39
    UKSUB-AN        UK87   7010036   1987  134.8  134.7  134.9      5   88.32   -2.32   87.99   88.66   -9.94    5.31     26     26507   -999.00   -999.00   -999.00   -999.00   -999.00   -999.00   -999.00     -1.00      4.32      0.00     26.18      4.01
    UKSUB-AN        UK87   7010037   1987  135.8  135.7  135.8      5   89.55  -45.33   89.49   89.61  -60.56  -30.11     44     44282   -999.00   -999.00   -999.00   -999.00   -999.00   -999.00   -999.00     -1.00      2.61      0.00     17.07      2.42
    UKSUB-AN        UK87   7010038   1987  135.9  135.8  136.0      5   89.72  -54.01   89.61   89.84  -60.56  -47.46     46     46059   -999.00   -999.00   -999.00   -999.00   -999.00   -999.00   -999.00     -1.00      4.05      0.00     19.95      2.89
    UKSUB-AN        UK87   7010039   1987  136.5  136.5  136.6      5   89.80 -135.96   89.79   89.82 -144.70 -127.23     49     49864   -999.00   -999.00   -999.00   -999.00   -999.00   -999.00   -999.00     -1.00      3.72      0.00     23.65      2.77
    UKSUB-AN        UK87   7010040   1987  136.6  136.6  136.7      5   89.78 -158.64   89.77   89.79 -190.06 -127.23     49     49990   -999.00   -999.00   -999.00   -999.00   -999.00   -999.00   -999.00     -1.00      3.85      0.00     21.58      2.88
    UKSUB-AN        UK87   7010041   1987  136.8  136.7  136.9      5   89.73   -6.07   89.70   89.77 -190.06  177.93     35     35349   -999.00   -999.00   -999.00   -999.00   -999.00   -999.00   -999.00     -1.00      3.04      0.00     22.02      2.64
    UKSUB-AN        UK87   7010042   1987  136.9  136.9  137.0      5   89.76    7.59   89.70   89.82 -162.74  177.93     39     39851   -999.00   -999.00   -999.00   -999.00   -999.00   -999.00   -999.00     -1.00      3.94      0.00     17.16      2.76
    UKSUB-AN        UK87   7010043   1987  137.1  137.0  137.1      5   89.81   -0.86   89.80   89.82 -162.74  161.02     48     48623   -999.00   -999.00   -999.00   -999.00   -999.00   -999.00   -999.00     -1.00      3.79      0.00     21.88      2.77
    UKSUB-AN        UK87   7010044   1987  137.2  137.1  137.3      5   89.80  138.93   89.80   89.81  116.84  161.02     46     46705   -999.00   -999.00   -999.00   -999.00   -999.00   -999.00   -999.00     -1.00      4.49      0.00     26.77      3.39
    UKSUB-AN        UK87   7010045   1987  137.4  137.3  137.6      5   89.87  117.29   89.81   89.93  116.84  117.74     46     46678   -999.00   -999.00   -999.00   -999.00   -999.00   -999.00   -999.00     -1.00      4.42      0.00     26.89      3.49
    UKSUB-AN        UK87   7010046   1987  137.7  137.6  137.8      5   89.87   37.16   89.81   89.93  -43.41  117.74     27     27116   -999.00   -999.00   -999.00   -999.00   -999.00   -999.00   -999.00     -1.00      5.20      0.00     49.05      6.84
    UKSUB-AN        UK87   7010047   1987  137.9  137.8  138.0      5   89.75  -68.78   89.70   89.81  -94.15  -43.41     31     31829   -999.00   -999.00   -999.00   -999.00   -999.00   -999.00   -999.00     -1.00      4.67      0.00     26.22      3.47
    UKSUB-AN        UK87   7010048   1987  138.0  138.0  138.1      5   89.69   36.41   89.68   89.70  -94.15  166.97     43     43182   -999.00   -999.00   -999.00   -999.00   -999.00   -999.00   -999.00     -1.00      7.82      0.00     22.08      4.38
    UKSUB-AN        UK87   7010049   1987  138.1  138.1  138.2      5   89.63  168.62   89.58   89.68  166.97  170.27     48     48250   -999.00   -999.00   -999.00   -999.00   -999.00   -999.00   -999.00     -1.00      7.08      0.00     15.92      3.14
    UKSUB-AN        UK87   7010050   1987  139.2  139.2  139.3      5   89.62  -72.47   89.49   89.76  -89.92  -55.02     29     29816   -999.00   -999.00   -999.00   -999.00   -999.00   -999.00   -999.00     -1.00      4.56      0.00     28.46      4.14
    UKSUB-AN        UK87   7010051   1987  139.4  139.3  139.4      5   89.46  -55.04   89.43   89.49  -55.05  -55.02     44     44005   -999.00   -999.00   -999.00   -999.00   -999.00   -999.00   -999.00     -1.00      4.80      0.00     28.60      3.24
    UKSUB-AN        UK87   7010052   1987  139.5  139.4  139.5      5   89.43  -55.05   89.43   89.43  -55.05  -55.05     45     45124   -999.00   -999.00   -999.00   -999.00   -999.00   -999.00   -999.00     -1.00      3.89      0.00     23.73      3.19
    UKSUB-AN        UK87   7010053   1987  139.6  139.6  139.6      5   89.43  -55.05   89.43   89.43  -55.05  -55.05     27     27607   -999.00   -999.00   -999.00   -999.00   -999.00   -999.00   -999.00     -1.00      4.77      0.00     23.74      3.65
    UKSUB-AN        UK87   7010054   1987  139.7  139.6  139.7      5   89.43  -55.05   89.43   89.43  -55.05  -55.05     49     49961   -999.00   -999.00   -999.00   -999.00   -999.00   -999.00   -999.00     -1.00      5.67      0.00     23.27      3.74
    UKSUB-AN        UK87   7010055   1987  139.7  139.7  139.8      5   89.40  -55.07   89.38   89.43  -55.09  -55.05     49     49098   -999.00   -999.00   -999.00   -999.00   -999.00   -999.00   -999.00     -1.00      5.65      0.00     35.61      3.53
    UKSUB-AN        UK87   7010056   1987  139.8  139.8  139.8      5   89.37  -55.09   89.37   89.38  -55.09  -55.09     49     49965   -999.00   -999.00   -999.00   -999.00   -999.00   -999.00   -999.00     -1.00      4.32      0.00     20.50      3.67
    UKSUB-AN        UK87   7010057   1987  139.9  139.8  139.9      5   89.35  -55.09   89.32   89.37  -55.10  -55.09     47     47947   -999.00   -999.00   -999.00   -999.00   -999.00   -999.00   -999.00     -1.00      5.81      0.00     32.30      4.07
    UKSUB-AN        UK87   7010058   1987  139.9  139.9  140.0      5   89.30  -55.08   89.29   89.32  -55.10  -55.07     49     49915   -999.00   -999.00   -999.00   -999.00   -999.00   -999.00   -999.00     -1.00      5.58      0.00     27.58      3.71
    UKSUB-AN        UK87   7010059   1987  140.0  140.0  140.0      5   89.27  -55.07   89.25   89.29  -55.07  -55.07     49     49358   -999.00   -999.00   -999.00   -999.00   -999.00   -999.00   -999.00     -1.00      5.08      0.00     27.60      3.78
    UKSUB-AN        UK87   7010060   1987  140.1  140.0  140.1      5   89.24  -55.06   89.22   89.25  -55.07  -55.06     49     49755   -999.00   -999.00   -999.00   -999.00   -999.00   -999.00   -999.00     -1.00      4.42      0.00     28.85      3.21
    UKSUB-AN        UK87   7010061   1987  140.1  140.1  140.2      5   89.20  -55.06   89.18   89.22  -55.06  -55.05     45     45507   -999.00   -999.00   -999.00   -999.00   -999.00   -999.00   -999.00     -1.00      3.13      0.00     16.88      2.89
    UKSUB-AN        UK87   7010062   1987  140.3  140.2  140.3      5   88.63  -55.20   88.09   89.18  -55.34  -55.05     48     48902   -999.00   -999.00   -999.00   -999.00   -999.00   -999.00   -999.00     -1.00      4.05      0.00     25.48      3.49
    UKSUB-AN        UK87   7010063   1987  140.4  140.3  140.5      5   87.74  -55.30   87.39   88.09  -55.34  -55.26     47     47373   -999.00   -999.00   -999.00   -999.00   -999.00   -999.00   -999.00     -1.00      4.95      0.00     27.26      3.85
    UKSUB-AN        UK87   7010064   1987  140.9  140.9  141.0      5   85.81  -54.96   85.65   85.97  -55.00  -54.93     39     39041   -999.00   -999.00   -999.00   -999.00   -999.00   -999.00   -999.00     -1.00      4.40      0.00     28.85      3.81
    UKSUB-AN        UK87   7010065   1987  141.0  141.0  141.0      5   85.64  -54.93   85.63   85.65  -54.94  -54.93     42     42415   -999.00   -999.00   -999.00   -999.00   -999.00   -999.00   -999.00     -1.00      5.90      0.00     24.99      3.95
    UKSUB-AN        UK87   7010066   1987  141.0  141.0  141.1      5   85.58  -54.97   85.53   85.63  -54.99  -54.94     46     46583   -999.00   -999.00   -999.00   -999.00   -999.00   -999.00   -999.00     -1.00      7.11      0.00     37.38      5.72
    UKSUB-AN        UK87   7010067   1987  141.1  141.1  141.1      5   85.29  -54.99   85.06   85.53  -54.99  -54.99     41     41150   -999.00   -999.00   -999.00   -999.00   -999.00   -999.00   -999.00     -1.00      3.46      0.00     29.91      3.28
    UKSUB-AN        UK87   7010068   1987  141.2  141.1  141.2      5   85.07  -54.17   85.06   85.07  -54.99  -53.35     48     48462   -999.00   -999.00   -999.00   -999.00   -999.00   -999.00   -999.00     -1.00      6.00      0.00     24.99      3.89
    UKSUB-AN        UK87   7010069   1987  141.3  141.2  141.4      5   85.06  -51.50   85.05   85.07  -53.35  -49.65     43     43070   -999.00   -999.00   -999.00   -999.00   -999.00   -999.00   -999.00     -1.00      4.00      0.00     23.43      3.34
    UKSUB-AN        UK87   7010070   1987  141.5  141.4  141.6      5   85.04  -44.82   85.03   85.05  -49.65  -39.99     38     38682   -999.00   -999.00   -999.00   -999.00   -999.00   -999.00   -999.00     -1.00      3.59      0.00     23.58      3.03
    UKSUB-AN        UK87   7010071   1987  141.6  141.6  141.7      5   85.02  -38.92   85.01   85.03  -39.99  -37.85     49     49034   -999.00   -999.00   -999.00   -999.00   -999.00   -999.00   -999.00     -1.00      3.99      0.00     22.65      3.06
    UKSUB-AN        UK87   7010072   1987  141.7  141.7  141.8      5   85.00  -37.36   84.99   85.01  -37.85  -36.87     47     47171   -999.00   -999.00   -999.00   -999.00   -999.00   -999.00   -999.00     -1.00      4.02      0.00     19.93      3.05
    UKSUB-AN        UK87   7010073   1987  141.8  141.8  141.8      5   84.99  -36.61   84.99   84.99  -36.87  -36.35     49     49984   -999.00   -999.00   -999.00   -999.00   -999.00   -999.00   -999.00     -1.00      3.42      0.00     21.53      2.88
    UKSUB-AN        UK87   7010074   1987  141.8  141.8  141.9      5   84.99  -36.26   84.99   84.99  -36.35  -36.17     49     49482   -999.00   -999.00   -999.00   -999.00   -999.00   -999.00   -999.00     -1.00      3.49      0.00     19.78      3.03
    UKSUB-AN        UK87   7010075   1987  141.9  141.9  141.9      5   84.98  -35.83   84.98   84.99  -36.17  -35.49     49     49313   -999.00   -999.00   -999.00   -999.00   -999.00   -999.00   -999.00     -1.00      3.53      0.00     20.15      2.66
    UKSUB-AN        UK87   7010076   1987  142.0  141.9  142.0      5   84.97  -34.95   84.96   84.98  -35.49  -34.40     38     38411   -999.00   -999.00   -999.00   -999.00   -999.00   -999.00   -999.00     -1.00      2.62      0.00     17.35      2.45
    UKSUB-AN        UK87   7010077   1987  142.1  142.0  142.2      5   84.92  -32.41   84.88   84.96  -34.40  -30.41     40     40236   -999.00   -999.00   -999.00   -999.00   -999.00   -999.00   -999.00     -1.00      0.72      0.00     16.07      1.45
    UKSUB-AN        UK87   7010078   1987  142.2  142.2  142.2      5   84.87  -29.97   84.86   84.88  -30.41  -29.52     48     48777   -999.00   -999.00   -999.00   -999.00   -999.00   -999.00   -999.00     -1.00      2.50      0.00     16.55      2.67
    UKSUB-AN        UK87   7010079   1987  142.3  142.2  142.3      5   84.84  -28.76   84.82   84.86  -29.52  -28.01     49     49848   -999.00   -999.00   -999.00   -999.00   -999.00   -999.00   -999.00     -1.00      2.17      0.00     13.48      1.62
    UKSUB-AN        UK87   7010080   1987  142.6  142.6  142.7      5   84.68  -22.76   84.66   84.69  -23.28  -22.25     49     49707   -999.00   -999.00   -999.00   -999.00   -999.00   -999.00   -999.00     -1.00      0.30      0.00      4.95      0.49
    UKSUB-AN        UK87   7010081   1987  142.7  142.7  142.7      5   84.65  -22.16   84.65   84.66  -22.25  -22.08     41     41537   -999.00   -999.00   -999.00   -999.00   -999.00   -999.00   -999.00     -1.00      0.83      0.00      9.82      0.86
    UKSUB-AN        UK87   7010082   1987  142.9  142.7  143.0      5   84.53  -19.44   84.40   84.65  -22.08  -16.79     48     48279   -999.00   -999.00   -999.00   -999.00   -999.00   -999.00   -999.00     -1.00      1.68      0.00     25.94      1.57
    UKSUB-AN        UK87   7010083   1987  143.1  143.0  143.2      5   84.31  -15.09   84.21   84.40  -16.79  -13.39     47     47147   -999.00   -999.00   -999.00   -999.00   -999.00   -999.00   -999.00     -1.00      1.07      0.00     15.74      1.50
    UKSUB-AN        UK87   7010084   1987  143.3  143.2  143.4      5   83.96  -11.14   83.70   84.21  -13.39   -8.89     48     48768   -999.00   -999.00   -999.00   -999.00   -999.00   -999.00   -999.00     -1.00      0.81      0.00      7.79      0.88
    UKSUB-AN        UK87   7010085   1987  143.5  143.4  143.6      5   83.34   -7.75   82.98   83.70   -8.89   -6.62     49     49598   -999.00   -999.00   -999.00   -999.00   -999.00   -999.00   -999.00     -1.00      1.48      0.00     10.43      1.16
    UKSUB-AN        UK87   7010086   1987  143.7  143.6  143.8      5   82.69   -5.94   82.40   82.98   -6.62   -5.25     35     35080   -999.00   -999.00   -999.00   -999.00   -999.00   -999.00   -999.00     -1.00      1.27      0.00      7.87      1.15
    UKSUB-AN        UK87   7010087   1987  143.9  143.8  143.9      5   82.35   -5.16   82.31   82.40   -5.25   -5.06     46     46339   -999.00   -999.00   -999.00   -999.00   -999.00   -999.00   -999.00     -1.00      0.96      0.00      7.89      1.00
    UKSUB-AN        UK87   7010088   1987  144.0  143.9  144.0      5   82.27   -4.98   82.24   82.31   -5.06   -4.90     45     45532   -999.00   -999.00   -999.00   -999.00   -999.00   -999.00   -999.00     -1.00      2.41      0.00     16.02      1.96
    UKSUB-AN        UK87   7010089   1987  144.2  144.1  144.3      5   82.10   -4.61   81.97   82.22   -4.88   -4.34     43     43745   -999.00   -999.00   -999.00   -999.00   -999.00   -999.00   -999.00     -1.00      0.79      0.00     35.52      0.91
    UKSUB-AN        UK87   7010090   1987  144.4  144.3  144.5      5   81.91   -4.24   81.86   81.97   -4.34   -4.15     26     26667   -999.00   -999.00   -999.00   -999.00   -999.00   -999.00   -999.00     -1.00      0.76      0.00      2.22      0.47
    UKSUB-AN        UK87   7010091   1987  145.0  144.8  145.1      5   81.58   -3.54   81.33   81.83   -4.03   -3.05     33     33823   -999.00   -999.00   -999.00   -999.00   -999.00   -999.00   -999.00     -1.00      0.61      0.00     10.44      0.79
    UKSUB-AN        UK87   7010092   1987  145.2  145.1  145.2      5   80.77   -2.27   80.21   81.33   -3.05   -1.48     45     45847   -999.00   -999.00   -999.00   -999.00   -999.00   -999.00   -999.00     -1.00      0.70      0.00      5.16      0.50
    UKSUB-AN        UK87   7010093   1987  145.4  145.2  145.5      5   79.72   -0.89   79.22   80.21   -1.48   -0.29     45     45178   -999.00   -999.00   -999.00   -999.00   -999.00   -999.00   -999.00     -1.00      0.63      0.00      3.86      0.50
    UKSUB-AN        UK87   7010094   1987  145.5  145.5  145.6      5   79.14   -0.20   79.06   79.22   -0.29   -0.10     49     49670   -999.00   -999.00   -999.00   -999.00   -999.00   -999.00   -999.00     -1.00      0.79      0.00      9.22      0.86
    UKSUB-AN        UK87   7010095   1987  145.6  145.6  145.7      5   78.98    0.05   78.91   79.06   -0.10    0.20     48     48795   -999.00   -999.00   -999.00   -999.00   -999.00   -999.00   -999.00     -1.00      1.16      0.00     12.80      1.32
    UKSUB-AN        UK87   7010096   1987  145.7  145.7  145.7      5   78.99   -0.76   78.91   79.07   -1.72    0.20     49     49635   -999.00   -999.00   -999.00   -999.00   -999.00   -999.00   -999.00     -1.00      1.14      0.00     12.23      1.30
    UKSUB-AN        UK87   7010097   1987  145.8  145.7  145.9      5   79.05   -2.15   79.04   79.07   -2.58   -1.72     49     49901   -999.00   -999.00   -999.00   -999.00   -999.00   -999.00   -999.00     -1.00      1.08      0.00     11.59      1.20
    UKSUB-AN        UK87   7010098   1987  145.9  145.9  145.9      5   79.04   -2.58   79.03   79.04   -2.59   -2.58     49     49913   -999.00   -999.00   -999.00   -999.00   -999.00   -999.00   -999.00     -1.00      0.92      0.00     14.14      1.01
    UKSUB-AN        UK87   7010099   1987  145.9  145.9  145.9      5   79.02   -2.60   79.02   79.03   -2.60   -2.59     46     46567   -999.00   -999.00   -999.00   -999.00   -999.00   -999.00   -999.00     -1.00      1.39      0.00     11.30      1.41
    UKSUB-AN        UK87   7010100   1987  146.0  145.9  146.0      5   78.97   -2.66   78.93   79.02   -2.71   -2.60     49     49699   -999.00   -999.00   -999.00   -999.00   -999.00   -999.00   -999.00     -1.00      1.26      0.00      9.65      0.98
    UKSUB-AN        UK87   7010101   1987  146.0  146.0  146.0      5   78.93   -2.73   78.93   78.93   -2.74   -2.71     50     49997   -999.00   -999.00   -999.00   -999.00   -999.00   -999.00   -999.00     -1.00      1.67      0.00      7.47      1.04
    UKSUB-AN        UK87   7010102   1987  146.1  146.0  146.1      5   78.92   -3.02   78.92   78.93   -3.30   -2.74     50     49997   -999.00   -999.00   -999.00   -999.00   -999.00   -999.00   -999.00     -1.00      1.91      0.00     13.98      1.32
    UKSUB-AN        UK87   7010103   1987  146.1  146.1  146.2      5   78.87   -2.34   78.82   78.92   -3.30   -1.38     49     49960   -999.00   -999.00   -999.00   -999.00   -999.00   -999.00   -999.00     -1.00      0.94      0.00      6.55      0.89
    UKSUB-AN        UK87   7010104   1987  146.2  146.2  146.3      5   78.78   -0.29   78.74   78.82   -1.38    0.79     49     49760   -999.00   -999.00   -999.00   -999.00   -999.00   -999.00   -999.00     -1.00      1.12      0.00     42.40      0.83
    UKSUB-AN        UK87   7010105   1987  146.3  146.3  146.4      5   78.75    0.70   78.74   78.76    0.61    0.79     49     49960   -999.00   -999.00   -999.00   -999.00   -999.00   -999.00   -999.00     -1.00      1.05      0.00      6.81      0.96
    UKSUB-AN        UK87   7010106   1987  146.4  146.4  146.5      5   78.74    0.06   78.72   78.76   -0.50    0.61     49     49937   -999.00   -999.00   -999.00   -999.00   -999.00   -999.00   -999.00     -1.00      0.95      0.00      8.12      0.79
    UKSUB-AN        UK87   7010107   1987  146.5  146.5  146.6      5   78.71   -1.15   78.69   78.72   -1.80   -0.50     50     49997   -999.00   -999.00   -999.00   -999.00   -999.00   -999.00   -999.00     -1.00      0.63      0.00      6.52      0.74
    UKSUB-AN        UK87   7010108   1987  146.6  146.6  146.6      5   78.53   -2.49   78.36   78.69   -3.19   -1.80     49     49637   -999.00   -999.00   -999.00   -999.00   -999.00   -999.00   -999.00     -1.00      0.35      0.00      7.23      0.66
    UKSUB-AN        UK91   7020109   1991  101.9  101.8  102.0      4   77.27   -2.39   77.05   77.49   -2.58   -2.21     34     34194   -999.00   -999.00   -999.00   -999.00   -999.00   -999.00   -999.00     -1.00      2.32      0.00     13.10      1.63
    UKSUB-AN        UK91   7020110   1991  102.1  102.0  102.2      4   77.71   -2.77   77.49   77.93   -2.97   -2.58     37     37314   -999.00   -999.00   -999.00   -999.00   -999.00   -999.00   -999.00     -1.00      2.13      0.00     18.05      1.64
    UKSUB-AN        UK91   7020111   1991  102.3  102.2  102.4      4   78.15   -3.18   77.93   78.37   -3.39   -2.97     40     40049   -999.00   -999.00   -999.00   -999.00   -999.00   -999.00   -999.00     -1.00      2.23      0.00      9.54      1.18
    UKSUB-AN        UK91   7020112   1991  102.5  102.4  102.6      4   78.59   -3.62   78.37   78.81   -3.85   -3.39     39     39474   -999.00   -999.00   -999.00   -999.00   -999.00   -999.00   -999.00     -1.00      1.99      0.00     10.00      1.03
    UKSUB-AN        UK91   7020113   1991  103.0  103.0  103.1      4   79.92   -4.99   79.69   80.14   -5.11   -4.87     26     26103   -999.00   -999.00   -999.00   -999.00   -999.00   -999.00   -999.00     -1.00      3.71      0.00     25.53      2.77
    UKSUB-AN        UK91   7020114   1991  103.2  103.1  103.3      4   80.77   -4.67   80.54   80.99   -4.70   -4.64     35     35020   -999.00   -999.00   -999.00   -999.00   -999.00   -999.00   -999.00     -1.00      3.35      0.00     17.75      2.88
    UKSUB-AN        UK91   7020115   1991  103.5  103.4  103.5      4   81.91   -8.03   81.74   82.08   -8.95   -7.11     40     40001   -999.00   -999.00   -999.00   -999.00   -999.00   -999.00   -999.00     -1.00      5.69      0.00     26.03      3.82
    UKSUB-AN        UK91   7020116   1991  103.5  103.5  103.6      4   82.27   -9.91   82.08   82.45  -10.88   -8.95     48     48397   -999.00   -999.00   -999.00   -999.00   -999.00   -999.00   -999.00     -1.00      6.43      0.00     24.41      4.14
    UKSUB-AN        UK91   7020117   1991  103.6  103.6  103.7      4   82.60  -11.93   82.45   82.75  -12.98  -10.88     43     43750   -999.00   -999.00   -999.00   -999.00   -999.00   -999.00   -999.00     -1.00      6.23      0.00     26.56      4.08
    UKSUB-AN        UK91   7020118   1991  103.8  103.7  104.0      4   82.94  -13.90   82.75   83.12  -14.82  -12.98     50     49997   -999.00   -999.00   -999.00   -999.00   -999.00   -999.00   -999.00     -1.00      5.44      0.00     21.70      3.79
    UKSUB-AN        UK91   7020119   1991  104.1  104.0  104.3      4   83.12  -14.88   83.12   83.13  -14.94  -14.82     32     32748   -999.00   -999.00   -999.00   -999.00   -999.00   -999.00   -999.00     -1.00      6.27      0.00     34.38      4.55
    UKSUB-AN        UK91   7020120   1991  104.4  104.3  104.6      4   83.13  -15.02   83.13   83.13  -15.09  -14.94     42     42599   -999.00   -999.00   -999.00   -999.00   -999.00   -999.00   -999.00     -1.00      6.01      0.00     31.93      4.50
    UKSUB-AN        UK91   7020121   1991  104.7  104.6  104.9      4   83.12  -15.13   83.10   83.13  -15.16  -15.09     29     29684   -999.00   -999.00   -999.00   -999.00   -999.00   -999.00   -999.00     -1.00      5.85      0.00     27.41      4.26
    UKSUB-AN        UK91   7020122   1991  105.0  104.9  105.1      4   83.10  -14.80   83.10   83.10  -15.16  -14.43     42     42829   -999.00   -999.00   -999.00   -999.00   -999.00   -999.00   -999.00     -1.00      5.41      0.00     24.01      3.96
    UKSUB-AN        UK91   7020123   1991  105.2  105.1  105.4      4   83.07  -15.09   83.04   83.10  -15.74  -14.43     42     42122   -999.00   -999.00   -999.00   -999.00   -999.00   -999.00   -999.00     -1.00      5.69      0.00     25.47      4.17
    UKSUB-AN        UK91   7020124   1991  105.2  105.1  105.4      4   83.07  -15.09   83.04   83.10  -15.74  -14.43     33     33269   -999.00   -999.00   -999.00   -999.00   -999.00   -999.00   -999.00     -1.00      4.37      0.00     25.75      3.84
    UKSUB-AN        UK91   7020125   1991  105.2  105.1  105.4      4   83.07  -15.09   83.04   83.10  -15.74  -14.43     31     31613   -999.00   -999.00   -999.00   -999.00   -999.00   -999.00   -999.00     -1.00      3.62      0.00     24.25      2.98
    UKSUB-AN        UK91   7020126   1991  110.1  110.0  110.2      4   80.19   -0.05   79.96   80.41   -0.08   -0.02     34     34527   -999.00   -999.00   -999.00   -999.00   -999.00   -999.00   -999.00     -1.00      2.42      0.00     15.75      2.28
    UKSUB-AN        UK91   7020127   1991  110.6  110.5  110.7      4   81.53   -0.02   81.31   81.75   -0.04   -0.00     46     46208   -999.00   -999.00   -999.00   -999.00   -999.00   -999.00   -999.00     -1.00      3.73      0.00     34.53      3.74
    UKSUB-AN        UK91   7020128   1991  110.6  110.5  110.7      4   81.53   -0.02   81.31   81.75   -0.04   -0.00     50     49997   -999.00   -999.00   -999.00   -999.00   -999.00   -999.00   -999.00     -1.00      3.83      0.00     23.89      3.25
    UKSUB-AN        UK91   7020129   1991  111.0  110.9  111.1      4   82.43   -0.06   82.20   82.65   -0.09   -0.04     33     33650   -999.00   -999.00   -999.00   -999.00   -999.00   -999.00   -999.00     -1.00      3.43      0.00     32.43      3.04
    UKSUB-AN        UK91   7020130   1991  111.4  111.3  111.4      4   83.33   -0.05   83.10   83.55   -0.06   -0.04     30     30330   -999.00   -999.00   -999.00   -999.00   -999.00   -999.00   -999.00     -1.00      3.89      0.00     26.29      2.88
    UKSUB-AN        UK91   7020131   1991  111.5  111.4  111.5      4   83.78   -0.06   83.55   84.00   -0.06   -0.06     36     36156   -999.00   -999.00   -999.00   -999.00   -999.00   -999.00   -999.00     -1.00      4.19      0.00     26.33      3.20
    UKSUB-AN        UK91   7020132   1991  111.6  111.5  111.6      4   84.23   -0.06   84.00   84.45   -0.06   -0.06     46     46261   -999.00   -999.00   -999.00   -999.00   -999.00   -999.00   -999.00     -1.00      4.56      0.00     26.35      3.29
    UKSUB-AN        UK91   7020133   1991  111.7  111.6  111.8      4   84.68   -0.05   84.45   84.90   -0.06   -0.04     46     46938   -999.00   -999.00   -999.00   -999.00   -999.00   -999.00   -999.00     -1.00      4.93      0.00     22.21      3.41
    UKSUB-AN        UK91   7020134   1991  111.9  111.8  112.0      4   85.09   -0.03   84.90   85.28   -0.04   -0.01     35     35135   -999.00   -999.00   -999.00   -999.00   -999.00   -999.00   -999.00     -1.00      4.30      0.00     20.19      3.29
    UKSUB-AN        UK91   7020135   1991  112.0  112.0  112.1      4   85.51   -0.00   85.28   85.73   -0.01    0.01     42     42797   -999.00   -999.00   -999.00   -999.00   -999.00   -999.00   -999.00     -1.00      4.49      0.00     20.07      3.11
    UKSUB-AN        UK91   7020136   1991  112.3  112.2  112.3      4   86.29   -0.22   86.06   86.51   -0.28   -0.17     44     44684   -999.00   -999.00   -999.00   -999.00   -999.00   -999.00   -999.00     -1.00      3.95      0.00     23.39      2.98
    UKSUB-AN        UK91   7020137   1991  112.4  112.3  112.5      4   86.74   -0.13   86.51   86.96   -0.17   -0.10     43     43378   -999.00   -999.00   -999.00   -999.00   -999.00   -999.00   -999.00     -1.00      3.59      0.00     21.05      2.61
    UKSUB-AN        UK91   7020138   1991  112.6  112.5  112.6      4   87.02    1.50   86.96   87.07   -0.10    3.09     39     39484   -999.00   -999.00   -999.00   -999.00   -999.00   -999.00   -999.00     -1.00      3.44      0.00     26.56      2.83
    UKSUB-AN        UK91   7020139   1991  112.7  112.6  112.7      4   87.15    5.16   87.07   87.23    3.09    7.22     41     41271   -999.00   -999.00   -999.00   -999.00   -999.00   -999.00   -999.00     -1.00      3.84      0.00     29.13      3.04
    UKSUB-AN        UK91   7020140   1991  112.8  112.7  112.8      4   87.44    7.90   87.23   87.65    7.22    8.58     43     43458   -999.00   -999.00   -999.00   -999.00   -999.00   -999.00   -999.00     -1.00      3.57      0.00     25.06      3.04
    UKSUB-AN        UK91   7020141   1991  112.9  112.8  112.9      4   87.87    8.86   87.65   88.10    8.58    9.14     36     36263   -999.00   -999.00   -999.00   -999.00   -999.00   -999.00   -999.00     -1.00      3.81      0.00     20.26      3.25
    UKSUB-AN        UK91   7020142   1991  113.0  112.9  113.1      4   88.31    9.55   88.10   88.52    9.14    9.97     32     32018   -999.00   -999.00   -999.00   -999.00   -999.00   -999.00   -999.00     -1.00      5.27      0.00     24.02      3.44
    UKSUB-AN        UK91   7020143   1991  113.2  113.1  113.3      4   88.30    9.59   88.07   88.52    9.21    9.97     42     42524   -999.00   -999.00   -999.00   -999.00   -999.00   -999.00   -999.00     -1.00      4.78      0.00     24.74      3.81
    UKSUB-AN        UK91   7020144   1991  114.5  114.4  114.6      4   87.11   17.40   87.09   87.12   15.49   19.31     35     35550   -999.00   -999.00   -999.00   -999.00   -999.00   -999.00   -999.00     -1.00      1.82      0.00     17.69      2.72
    UKSUB-AN        UK91   7020145   1991  115.1  114.8  115.3      4   87.25   32.37   87.22   87.29   27.92   36.83     25     25660   -999.00   -999.00   -999.00   -999.00   -999.00   -999.00   -999.00     -1.00      2.62      0.00     18.00      2.56
    UKSUB-AN        UK91   7020146   1991  115.7  115.3  116.1      4   87.20   38.48   87.11   87.29   36.83   40.14     46     46407   -999.00   -999.00   -999.00   -999.00   -999.00   -999.00   -999.00     -1.00      3.59      0.00     17.55      2.67
    UKSUB-AN        UK91   7020147   1991  116.5  116.1  117.0      4   86.91   38.15   86.71   87.11   36.17   40.14     32     32077   -999.00   -999.00   -999.00   -999.00   -999.00   -999.00   -999.00     -1.00      3.13      0.00     23.02      2.40
    UKSUB-AN        UK91   7020148   1991  117.2  117.0  117.5      4   86.51   34.66   86.31   86.71   33.16   36.17     31     31928   -999.00   -999.00   -999.00   -999.00   -999.00   -999.00   -999.00     -1.00      3.34      0.00     21.45      2.80
